λ,σ,Δσ
82.65617,1.08384e-16,NaN
82.66719,1.08285e-16,NaN
82.67822,1.07758e-16,NaN
82.68925,1.07386e-16,NaN
82.70028,1.07928e-16,NaN
82.71131,1.08565e-16,NaN
82.72235,1.08531e-16,NaN
82.73339,1.08707e-16,NaN
82.74443,1.08582e-16,NaN
82.75548,1.08625e-16,NaN
82.76653,1.08535e-16,NaN
82.77758,1.0838e-16,NaN
82.78863,1.08305e-16,NaN
82.79969,1.08067e-16,NaN
82.81075,1.08861e-16,NaN
82.82182,1.08397e-16,NaN
82.83288,1.08653e-16,NaN
82.84395,1.08835e-16,NaN
82.85502,1.09062e-16,NaN
82.8661,1.08688e-16,NaN
82.87718,1.08426e-16,NaN
82.88826,1.08861e-16,NaN
82.89934,1.08805e-16,NaN
82.91043,1.08726e-16,NaN
82.92152,1.08365e-16,NaN
82.93261,1.08308e-16,NaN
82.94371,1.08526e-16,NaN
82.95481,1.09211e-16,NaN
82.96591,1.0854e-16,NaN
82.97702,1.085e-16,NaN
82.98813,1.0827e-16,NaN
82.99924,1.0954e-16,NaN
83.01035,1.08345e-16,NaN
83.02147,1.08322e-16,NaN
83.03259,1.09327e-16,NaN
83.04371,1.0912e-16,NaN
83.05484,1.08341e-16,NaN
83.06596,1.08791e-16,NaN
83.0771,1.08961e-16,NaN
83.08823,1.08846e-16,NaN
83.09937,1.08906e-16,NaN
83.11051,1.09276e-16,NaN
83.12165,1.09234e-16,NaN
83.1328,1.09739e-16,NaN
83.14395,1.08909e-16,NaN
83.1551,1.09176e-16,NaN
83.16626,1.09111e-16,NaN
83.17742,1.10246e-16,NaN
83.18858,1.08964e-16,NaN
83.19974,1.09411e-16,NaN
83.21091,1.09866e-16,NaN
83.22208,1.09136e-16,NaN
83.23326,1.09159e-16,NaN
83.24443,1.09692e-16,NaN
83.25561,1.09322e-16,NaN
83.2668,1.09409e-16,NaN
83.27798,1.09396e-16,NaN
83.28917,1.08818e-16,NaN
83.30036,1.09358e-16,NaN
83.31156,1.08989e-16,NaN
83.32275,1.08938e-16,NaN
83.33396,1.08413e-16,NaN
83.34516,1.07968e-16,NaN
83.35637,1.09037e-16,NaN
83.36758,1.08395e-16,NaN
83.37879,1.0869e-16,NaN
83.39,1.09177e-16,NaN
83.40122,1.09042e-16,NaN
83.41245,1.08579e-16,NaN
83.42367,1.08421e-16,NaN
83.4349,1.09003e-16,NaN
83.44613,1.08636e-16,NaN
83.45736,1.08838e-16,NaN
83.4686,1.08916e-16,NaN
83.47984,1.08048e-16,NaN
83.49108,1.09093e-16,NaN
83.50233,1.08911e-16,NaN
83.51358,1.09244e-16,NaN
83.52483,1.08826e-16,NaN
83.53609,1.09189e-16,NaN
83.54734,1.09008e-16,NaN
83.55861,1.09311e-16,NaN
83.56987,1.09345e-16,NaN
83.58114,1.09052e-16,NaN
83.59241,1.087e-16,NaN
83.60368,1.09307e-16,NaN
83.61496,1.08725e-16,NaN
83.62624,1.08521e-16,NaN
83.63752,1.08915e-16,NaN
83.64881,1.08699e-16,NaN
83.66009,1.08808e-16,NaN
83.67139,1.08968e-16,NaN
83.68268,1.08566e-16,NaN
83.69398,1.10111e-16,NaN
83.70528,1.0937e-16,NaN
83.71658,1.0885e-16,NaN
83.72789,1.09375e-16,NaN
83.7392,1.09307e-16,NaN
83.75051,1.09394e-16,NaN
83.76183,1.09298e-16,NaN
83.77315,1.09773e-16,NaN
83.78447,1.09205e-16,NaN
83.7958,1.09257e-16,NaN
83.80712,1.08608e-16,NaN
83.81846,1.09821e-16,NaN
83.82979,1.09565e-16,NaN
83.84113,1.0965e-16,NaN
83.85247,1.09173e-16,NaN
83.86381,1.09125e-16,NaN
83.87516,1.09901e-16,NaN
83.88651,1.09361e-16,NaN
83.89786,1.09071e-16,NaN
83.90922,1.09887e-16,NaN
83.92058,1.09264e-16,NaN
83.93194,1.10134e-16,NaN
83.9433,1.09108e-16,NaN
83.95467,1.0963e-16,NaN
83.96604,1.0967e-16,NaN
83.97742,1.09285e-16,NaN
83.98879,1.09847e-16,NaN
84.00018,1.10356e-16,NaN
84.01156,1.09459e-16,NaN
84.02295,1.10024e-16,NaN
84.03434,1.09647e-16,NaN
84.04573,1.09626e-16,NaN
84.05712,1.08978e-16,NaN
84.06852,1.09795e-16,NaN
84.07993,1.09569e-16,NaN
84.09133,1.09752e-16,NaN
84.10274,1.10167e-16,NaN
84.11415,1.09771e-16,NaN
84.12557,1.09862e-16,NaN
84.13698,1.10157e-16,NaN
84.1484,1.10397e-16,NaN
84.15983,1.09679e-16,NaN
84.17126,1.10752e-16,NaN
84.18269,1.10142e-16,NaN
84.19412,1.1058e-16,NaN
84.20555,1.10727e-16,NaN
84.21699,1.11188e-16,NaN
84.22844,1.10025e-16,NaN
84.23988,1.09658e-16,NaN
84.25133,1.09697e-16,NaN
84.26278,1.096e-16,NaN
84.27424,1.10022e-16,NaN
84.2857,1.09956e-16,NaN
84.29716,1.09635e-16,NaN
84.30862,1.10264e-16,NaN
84.32009,1.09448e-16,NaN
84.33156,1.09825e-16,NaN
84.34303,1.09884e-16,NaN
84.35451,1.10035e-16,NaN
84.36599,1.10079e-16,NaN
84.37747,1.0984e-16,NaN
84.38896,1.09886e-16,NaN
84.40045,1.1016e-16,NaN
84.41194,1.1109e-16,NaN
84.42344,1.10774e-16,NaN
84.43494,1.10742e-16,NaN
84.44644,1.10687e-16,NaN
84.45794,1.10488e-16,NaN
84.46945,1.10603e-16,NaN
84.48096,1.10191e-16,NaN
84.49248,1.10285e-16,NaN
84.50399,1.10081e-16,NaN
84.51551,1.10447e-16,NaN
84.52704,1.10294e-16,NaN
84.53856,1.11194e-16,NaN
84.55009,1.11455e-16,NaN
84.56163,1.10836e-16,NaN
84.57316,1.11265e-16,NaN
84.5847,1.10313e-16,NaN
84.59625,1.11122e-16,NaN
84.60779,1.10906e-16,NaN
84.61934,1.11112e-16,NaN
84.63089,1.11083e-16,NaN
84.64245,1.1095e-16,NaN
84.65401,1.12148e-16,NaN
84.66557,1.11118e-16,NaN
84.67713,1.11093e-16,NaN
84.6887,1.11556e-16,NaN
84.70027,1.10906e-16,NaN
84.71185,1.11676e-16,NaN
84.72342,1.11647e-16,NaN
84.735,1.11331e-16,NaN
84.74659,1.11585e-16,NaN
84.75818,1.12152e-16,NaN
84.76977,1.11248e-16,NaN
84.78136,1.11801e-16,NaN
84.79296,1.11547e-16,NaN
84.80455,1.11832e-16,NaN
84.81616,1.121e-16,NaN
84.82776,1.11421e-16,NaN
84.83937,1.12107e-16,NaN
84.85098,1.11359e-16,NaN
84.8626,1.11875e-16,NaN
84.87422,1.11624e-16,NaN
84.88584,1.11944e-16,NaN
84.89747,1.11832e-16,NaN
84.90909,1.11316e-16,NaN
84.92073,1.11824e-16,NaN
84.93236,1.11386e-16,NaN
84.944,1.12353e-16,NaN
84.95564,1.11429e-16,NaN
84.96728,1.11762e-16,NaN
84.97893,1.12156e-16,NaN
84.99058,1.11529e-16,NaN
85.00223,1.11884e-16,NaN
85.01389,1.12137e-16,NaN
85.02555,1.12371e-16,NaN
85.03721,1.12302e-16,NaN
85.04888,1.11474e-16,NaN
85.06055,1.13313e-16,NaN
85.07222,1.12058e-16,NaN
85.0839,1.12577e-16,NaN
85.09558,1.11797e-16,NaN
85.10726,1.12562e-16,NaN
85.11895,1.11742e-16,NaN
85.13064,1.12958e-16,NaN
85.14233,1.12795e-16,NaN
85.15402,1.12395e-16,NaN
85.16572,1.12769e-16,NaN
85.17742,1.12716e-16,NaN
85.18913,1.12549e-16,NaN
85.20084,1.12529e-16,NaN
85.21255,1.12349e-16,NaN
85.22426,1.12937e-16,NaN
85.23598,1.12812e-16,NaN
85.2477,1.12692e-16,NaN
85.25943,1.12607e-16,NaN
85.27115,1.13709e-16,NaN
85.28289,1.13346e-16,NaN
85.29462,1.12856e-16,NaN
85.30636,1.13539e-16,NaN
85.3181,1.1247e-16,NaN
85.32984,1.12522e-16,NaN
85.34159,1.12533e-16,NaN
85.35334,1.1285e-16,NaN
85.36509,1.13066e-16,NaN
85.37685,1.12998e-16,NaN
85.38861,1.13251e-16,NaN
85.40037,1.12046e-16,NaN
85.41214,1.13038e-16,NaN
85.42391,1.13015e-16,NaN
85.43568,1.12941e-16,NaN
85.44746,1.12858e-16,NaN
85.45924,1.13511e-16,NaN
85.47102,1.13391e-16,NaN
85.4828,1.13069e-16,NaN
85.49459,1.13783e-16,NaN
85.50639,1.13669e-16,NaN
85.51818,1.1368e-16,NaN
85.52998,1.13588e-16,NaN
85.54178,1.13747e-16,NaN
85.55359,1.13662e-16,NaN
85.5654,1.1395e-16,NaN
85.57721,1.1393e-16,NaN
85.58902,1.13782e-16,NaN
85.60084,1.1384e-16,NaN
85.61266,1.12757e-16,NaN
85.62449,1.13132e-16,NaN
85.63632,1.13508e-16,NaN
85.64815,1.13938e-16,NaN
85.65998,1.13565e-16,NaN
85.67182,1.13192e-16,NaN
85.68366,1.13973e-16,NaN
85.69551,1.13539e-16,NaN
85.70735,1.14225e-16,NaN
85.71921,1.14236e-16,NaN
85.73106,1.13587e-16,NaN
85.74292,1.14034e-16,NaN
85.75478,1.13561e-16,NaN
85.76664,1.14592e-16,NaN
85.77851,1.13875e-16,NaN
85.79038,1.13788e-16,NaN
85.80226,1.14399e-16,NaN
85.81413,1.14046e-16,NaN
85.82601,1.14281e-16,NaN
85.8379,1.13839e-16,NaN
85.84978,1.14524e-16,NaN
85.86168,1.14281e-16,NaN
85.87357,1.13792e-16,NaN
85.88547,1.14193e-16,NaN
85.89737,1.1419e-16,NaN
85.90927,1.1478e-16,NaN
85.92118,1.14832e-16,NaN
85.93309,1.1477e-16,NaN
85.945,1.13838e-16,NaN
85.95692,1.14663e-16,NaN
85.96884,1.14658e-16,NaN
85.98076,1.14854e-16,NaN
85.99269,1.14532e-16,NaN
86.00462,1.1442e-16,NaN
86.01655,1.14567e-16,NaN
86.02849,1.14263e-16,NaN
86.04043,1.14761e-16,NaN
86.05237,1.13995e-16,NaN
86.06432,1.14281e-16,NaN
86.07627,1.14705e-16,NaN
86.08822,1.14694e-16,NaN
86.10018,1.14878e-16,NaN
86.11214,1.14999e-16,NaN
86.1241,1.14832e-16,NaN
86.13607,1.14857e-16,NaN
86.14804,1.15086e-16,NaN
86.16001,1.15671e-16,NaN
86.17199,1.15525e-16,NaN
86.18397,1.15755e-16,NaN
86.19595,1.15212e-16,NaN
86.20794,1.15403e-16,NaN
86.21993,1.15426e-16,NaN
86.23192,1.15217e-16,NaN
86.24392,1.15758e-16,NaN
86.25592,1.15151e-16,NaN
86.26792,1.15659e-16,NaN
86.27993,1.15497e-16,NaN
86.29194,1.1563e-16,NaN
86.30395,1.15883e-16,NaN
86.31597,1.15792e-16,NaN
86.32799,1.15647e-16,NaN
86.34001,1.16277e-16,NaN
86.35204,1.164e-16,NaN
86.36407,1.16266e-16,NaN
86.3761,1.16024e-16,NaN
86.38814,1.15328e-16,NaN
86.40018,1.15426e-16,NaN
86.41222,1.15685e-16,NaN
86.42427,1.15312e-16,NaN
86.43632,1.15677e-16,NaN
86.44837,1.15542e-16,NaN
86.46043,1.15828e-16,NaN
86.47249,1.15861e-16,NaN
86.48456,1.15941e-16,NaN
86.49662,1.15864e-16,NaN
86.50869,1.15827e-16,NaN
86.52077,1.16243e-16,NaN
86.53284,1.1579e-16,NaN
86.54492,1.16234e-16,NaN
86.55701,1.15477e-16,NaN
86.5691,1.15575e-16,NaN
86.58119,1.15633e-16,NaN
86.59328,1.15667e-16,NaN
86.60538,1.1627e-16,NaN
86.61748,1.16041e-16,NaN
86.62958,1.1642e-16,NaN
86.64169,1.15659e-16,NaN
86.6538,1.16877e-16,NaN
86.66592,1.16842e-16,NaN
86.67803,1.16742e-16,NaN
86.69015,1.17349e-16,NaN
86.70228,1.16691e-16,NaN
86.71441,1.16494e-16,NaN
86.72654,1.16538e-16,NaN
86.73867,1.16496e-16,NaN
86.75081,1.1636e-16,NaN
86.76295,1.16379e-16,NaN
86.7751,1.16338e-16,NaN
86.78725,1.16855e-16,NaN
86.7994,1.16565e-16,NaN
86.81155,1.16815e-16,NaN
86.82371,1.16357e-16,NaN
86.83587,1.16461e-16,NaN
86.84804,1.16594e-16,NaN
86.86021,1.17149e-16,NaN
86.87238,1.17153e-16,NaN
86.88455,1.16624e-16,NaN
86.89673,1.16803e-16,NaN
86.90892,1.16613e-16,NaN
86.9211,1.16455e-16,NaN
86.93329,1.16745e-16,NaN
86.94548,1.16689e-16,NaN
86.95768,1.16436e-16,NaN
86.96988,1.16815e-16,NaN
86.98208,1.1734e-16,NaN
86.99429,1.17262e-16,NaN
87.0065,1.17098e-16,NaN
87.01871,1.16793e-16,NaN
87.03093,1.1712e-16,NaN
87.04315,1.16829e-16,NaN
87.05537,1.17461e-16,NaN
87.0676,1.17262e-16,NaN
87.07983,1.16915e-16,NaN
87.09206,1.16668e-16,NaN
87.1043,1.16966e-16,NaN
87.11654,1.17024e-16,NaN
87.12878,1.16795e-16,NaN
87.14103,1.17366e-16,NaN
87.15328,1.16813e-16,NaN
87.16554,1.17692e-16,NaN
87.17779,1.17232e-16,NaN
87.19006,1.16834e-16,NaN
87.20232,1.1706e-16,NaN
87.21459,1.16534e-16,NaN
87.22686,1.16774e-16,NaN
87.23914,1.16722e-16,NaN
87.25141,1.17015e-16,NaN
87.2637,1.17374e-16,NaN
87.27598,1.16873e-16,NaN
87.28827,1.17361e-16,NaN
87.30056,1.17029e-16,NaN
87.31286,1.17352e-16,NaN
87.32516,1.17479e-16,NaN
87.33746,1.17346e-16,NaN
87.34977,1.16946e-16,NaN
87.36208,1.17701e-16,NaN
87.37439,1.18056e-16,NaN
87.38671,1.17248e-16,NaN
87.39903,1.18536e-16,NaN
87.41135,1.17278e-16,NaN
87.42368,1.17747e-16,NaN
87.43601,1.16999e-16,NaN
87.44834,1.17752e-16,NaN
87.46068,1.17406e-16,NaN
87.47302,1.16933e-16,NaN
87.48536,1.17696e-16,NaN
87.49771,1.16855e-16,NaN
87.51006,1.17098e-16,NaN
87.52242,1.16897e-16,NaN
87.53478,1.16988e-16,NaN
87.54714,1.17073e-16,NaN
87.5595,1.16654e-16,NaN
87.57187,1.17608e-16,NaN
87.58425,1.16609e-16,NaN
87.59662,1.17679e-16,NaN
87.609,1.17318e-16,NaN
87.62138,1.17387e-16,NaN
87.63377,1.17323e-16,NaN
87.64616,1.17086e-16,NaN
87.65855,1.17379e-16,NaN
87.67095,1.17076e-16,NaN
87.68335,1.17354e-16,NaN
87.69576,1.17059e-16,NaN
87.70816,1.17163e-16,NaN
87.72057,1.17301e-16,NaN
87.73299,1.17179e-16,NaN
87.74541,1.17227e-16,NaN
87.75783,1.16969e-16,NaN
87.77025,1.17067e-16,NaN
87.78268,1.17012e-16,NaN
87.79511,1.17023e-16,NaN
87.80755,1.16557e-16,NaN
87.81999,1.16609e-16,NaN
87.83243,1.16553e-16,NaN
87.84488,1.16223e-16,NaN
87.85733,1.16811e-16,NaN
87.86978,1.1686e-16,NaN
87.88224,1.1654e-16,NaN
87.8947,1.17097e-16,NaN
87.90716,1.16898e-16,NaN
87.91963,1.17164e-16,NaN
87.9321,1.16223e-16,NaN
87.94457,1.16603e-16,NaN
87.95705,1.16218e-16,NaN
87.96953,1.17218e-16,NaN
87.98202,1.17023e-16,NaN
87.99451,1.16576e-16,NaN
88.007,1.16613e-16,NaN
88.01949,1.16659e-16,NaN
88.03199,1.16579e-16,NaN
88.0445,1.16448e-16,NaN
88.057,1.16455e-16,NaN
88.06951,1.17014e-16,NaN
88.08203,1.16715e-16,NaN
88.09454,1.16824e-16,NaN
88.10706,1.16605e-16,NaN
88.11959,1.17177e-16,NaN
88.13211,1.16452e-16,NaN
88.14465,1.16416e-16,NaN
88.15718,1.16166e-16,NaN
88.16972,1.15889e-16,NaN
88.18226,1.16162e-16,NaN
88.19481,1.16149e-16,NaN
88.20736,1.16225e-16,NaN
88.21991,1.1582e-16,NaN
88.23246,1.16291e-16,NaN
88.24502,1.15976e-16,NaN
88.25759,1.15978e-16,NaN
88.27015,1.16641e-16,NaN
88.28272,1.15846e-16,NaN
88.2953,1.16693e-16,NaN
88.30788,1.16121e-16,NaN
88.32046,1.16933e-16,NaN
88.33304,1.15724e-16,NaN
88.34563,1.15606e-16,NaN
88.35822,1.16241e-16,NaN
88.37082,1.1543e-16,NaN
88.38342,1.15643e-16,NaN
88.39602,1.14958e-16,NaN
88.40863,1.15857e-16,NaN
88.42124,1.1484e-16,NaN
88.43385,1.15226e-16,NaN
88.44647,1.15433e-16,NaN
88.45909,1.15381e-16,NaN
88.47171,1.14939e-16,NaN
88.48434,1.15389e-16,NaN
88.49697,1.15679e-16,NaN
88.50961,1.1491e-16,NaN
88.52225,1.15165e-16,NaN
88.53489,1.14878e-16,NaN
88.54754,1.15433e-16,NaN
88.56018,1.15499e-16,NaN
88.57284,1.14772e-16,NaN
88.5855,1.15702e-16,NaN
88.59816,1.15513e-16,NaN
88.61082,1.15623e-16,NaN
88.62349,1.15374e-16,NaN
88.63616,1.14457e-16,NaN
88.64883,1.14731e-16,NaN
88.66151,1.1436e-16,NaN
88.67419,1.15493e-16,NaN
88.68688,1.14726e-16,NaN
88.69957,1.15365e-16,NaN
88.71226,1.14977e-16,NaN
88.72496,1.14475e-16,NaN
88.73766,1.14811e-16,NaN
88.75036,1.1441e-16,NaN
88.76307,1.14856e-16,NaN
88.77578,1.14424e-16,NaN
88.7885,1.14354e-16,NaN
88.80122,1.14654e-16,NaN
88.81394,1.1459e-16,NaN
88.82666,1.14325e-16,NaN
88.83939,1.14125e-16,NaN
88.85213,1.14645e-16,NaN
88.86486,1.14015e-16,NaN
88.8776,1.14875e-16,NaN
88.89035,1.14332e-16,NaN
88.9031,1.14198e-16,NaN
88.91585,1.14601e-16,NaN
88.9286,1.14107e-16,NaN
88.94136,1.14763e-16,NaN
88.95412,1.14615e-16,NaN
88.96689,1.14675e-16,NaN
88.97966,1.14519e-16,NaN
88.99243,1.13833e-16,NaN
89.00521,1.14611e-16,NaN
89.01799,1.13426e-16,NaN
89.03078,1.13872e-16,NaN
89.04356,1.13868e-16,NaN
89.05636,1.14111e-16,NaN
89.06915,1.13732e-16,NaN
89.08195,1.12746e-16,NaN
89.09475,1.13222e-16,NaN
89.10756,1.1291e-16,NaN
89.12037,1.13956e-16,NaN
89.13318,1.13552e-16,NaN
89.146,1.14078e-16,NaN
89.15882,1.13693e-16,NaN
89.17165,1.13652e-16,NaN
89.18448,1.13862e-16,NaN
89.19731,1.13465e-16,NaN
89.21014,1.13794e-16,NaN
89.22298,1.13539e-16,NaN
89.23583,1.13735e-16,NaN
89.24867,1.13251e-16,NaN
89.26153,1.13774e-16,NaN
89.27438,1.13606e-16,NaN
89.28724,1.13794e-16,NaN
89.3001,1.13461e-16,NaN
89.31297,1.13397e-16,NaN
89.32583,1.13987e-16,NaN
89.33871,1.13886e-16,NaN
89.35158,1.13797e-16,NaN
89.36447,1.14321e-16,NaN
89.37735,1.13855e-16,NaN
89.39024,1.14333e-16,NaN
89.40313,1.13599e-16,NaN
89.41602,1.1335e-16,NaN
89.42892,1.13249e-16,NaN
89.44183,1.13595e-16,NaN
89.45473,1.13417e-16,NaN
89.46764,1.13023e-16,NaN
89.48056,1.13751e-16,NaN
89.49347,1.13249e-16,NaN
89.5064,1.13552e-16,NaN
89.51932,1.12863e-16,NaN
89.53225,1.13436e-16,NaN
89.54518,1.13349e-16,NaN
89.55812,1.12986e-16,NaN
89.57106,1.13747e-16,NaN
89.584,1.13687e-16,NaN
89.59695,1.13544e-16,NaN
89.6099,1.13619e-16,NaN
89.62286,1.13396e-16,NaN
89.63581,1.13617e-16,NaN
89.64878,1.13722e-16,NaN
89.66174,1.13743e-16,NaN
89.67471,1.13621e-16,NaN
89.68769,1.13801e-16,NaN
89.70066,1.13938e-16,NaN
89.71365,1.14167e-16,NaN
89.72663,1.1415e-16,NaN
89.73962,1.1369e-16,NaN
89.75261,1.14199e-16,NaN
89.76561,1.13532e-16,NaN
89.77861,1.13839e-16,NaN
89.79161,1.13757e-16,NaN
89.80462,1.13795e-16,NaN
89.81763,1.13669e-16,NaN
89.83065,1.13775e-16,NaN
89.84367,1.14211e-16,NaN
89.85669,1.13506e-16,NaN
89.86972,1.14128e-16,NaN
89.88275,1.13479e-16,NaN
89.89578,1.13463e-16,NaN
89.90882,1.13623e-16,NaN
89.92186,1.13638e-16,NaN
89.9349,1.13891e-16,NaN
89.94795,1.13514e-16,NaN
89.96101,1.1366e-16,NaN
89.97406,1.13188e-16,NaN
89.98712,1.13693e-16,NaN
90.00019,1.13209e-16,NaN
90.01326,1.13474e-16,NaN
90.02633,1.1337e-16,NaN
90.0394,1.13042e-16,NaN
90.05248,1.13786e-16,NaN
90.06557,1.13444e-16,NaN
90.07865,1.13514e-16,NaN
90.09174,1.13444e-16,NaN
90.10484,1.13665e-16,NaN
90.11794,1.14031e-16,NaN
90.13104,1.13804e-16,NaN
90.14415,1.15166e-16,NaN
90.15726,1.14158e-16,NaN
90.17037,1.1441e-16,NaN
90.18349,1.13735e-16,NaN
90.19661,1.13678e-16,NaN
90.20973,1.142e-16,NaN
90.22286,1.13519e-16,NaN
90.236,1.14099e-16,NaN
90.24913,1.13938e-16,NaN
90.26227,1.1381e-16,NaN
90.27542,1.13705e-16,NaN
90.28857,1.13661e-16,NaN
90.30172,1.14116e-16,NaN
90.31487,1.14004e-16,NaN
90.32803,1.14325e-16,NaN
90.3412,1.13652e-16,NaN
90.35436,1.14138e-16,NaN
90.36754,1.13835e-16,NaN
90.38071,1.1363e-16,NaN
90.39389,1.14191e-16,NaN
90.40707,1.14208e-16,NaN
90.42026,1.14187e-16,NaN
90.43345,1.12885e-16,NaN
90.44664,1.1374e-16,NaN
90.45984,1.13605e-16,NaN
90.47304,1.13337e-16,NaN
90.48625,1.134e-16,NaN
90.49946,1.13398e-16,NaN
90.51267,1.14082e-16,NaN
90.52589,1.13484e-16,NaN
90.53911,1.1384e-16,NaN
90.55234,1.13544e-16,NaN
90.56557,1.14052e-16,NaN
90.5788,1.13959e-16,NaN
90.59203,1.13833e-16,NaN
90.60528,1.13804e-16,NaN
90.61852,1.13151e-16,NaN
90.63177,1.13544e-16,NaN
90.64502,1.135e-16,NaN
90.65828,1.13197e-16,NaN
90.67154,1.14129e-16,NaN
90.6848,1.13656e-16,NaN
90.69807,1.13826e-16,NaN
90.71134,1.13406e-16,NaN
90.72462,1.14224e-16,NaN
90.73789,1.14076e-16,NaN
90.75118,1.13877e-16,NaN
90.76446,1.13717e-16,NaN
90.77776,1.13872e-16,NaN
90.79105,1.13695e-16,NaN
90.80435,1.13918e-16,NaN
90.81765,1.13692e-16,NaN
90.83096,1.13721e-16,NaN
90.84427,1.14046e-16,NaN
90.85758,1.13545e-16,NaN
90.8709,1.13361e-16,NaN
90.88422,1.13634e-16,NaN
90.89755,1.1353e-16,NaN
90.91088,1.13985e-16,NaN
90.92421,1.13374e-16,NaN
90.93755,1.14008e-16,NaN
90.95089,1.13576e-16,NaN
90.96424,1.13662e-16,NaN
90.97759,1.13781e-16,NaN
90.99094,1.13402e-16,NaN
91.0043,1.13814e-16,NaN
91.01766,1.12929e-16,NaN
91.03103,1.13467e-16,NaN
91.0444,1.13118e-16,NaN
91.05777,1.13271e-16,NaN
91.07115,1.12943e-16,NaN
91.08453,1.13158e-16,NaN
91.09791,1.1376e-16,NaN
91.1113,1.12973e-16,NaN
91.12469,1.13322e-16,NaN
91.13809,1.13539e-16,NaN
91.15149,1.13163e-16,NaN
91.1649,1.12809e-16,NaN
91.1783,1.12494e-16,NaN
91.19172,1.12559e-16,NaN
91.20513,1.12748e-16,NaN
91.21855,1.13281e-16,NaN
91.23198,1.12991e-16,NaN
91.24541,1.12897e-16,NaN
91.25884,1.13197e-16,NaN
91.27228,1.12699e-16,NaN
91.28572,1.12923e-16,NaN
91.29916,1.12651e-16,NaN
91.31261,1.1317e-16,NaN
91.32606,1.12577e-16,NaN
91.33952,1.12637e-16,NaN
91.35298,1.13255e-16,NaN
91.36644,1.12185e-16,NaN
91.37991,1.12841e-16,NaN
91.39338,1.1254e-16,NaN
91.40686,1.13179e-16,NaN
91.42034,1.12638e-16,NaN
91.43382,1.12659e-16,NaN
91.44731,1.12876e-16,NaN
91.4608,1.12171e-16,NaN
91.47429,1.12761e-16,NaN
91.48779,1.1301e-16,NaN
91.5013,1.13179e-16,NaN
91.51481,1.12482e-16,NaN
91.52832,1.13003e-16,NaN
91.54183,1.12787e-16,NaN
91.55535,1.1252e-16,NaN
91.56888,1.12737e-16,NaN
91.5824,1.12302e-16,NaN
91.59594,1.13027e-16,NaN
91.60947,1.12196e-16,NaN
91.62301,1.12655e-16,NaN
91.63656,1.12793e-16,NaN
91.6501,1.12521e-16,NaN
91.66365,1.1289e-16,NaN
91.67721,1.1226e-16,NaN
91.69077,1.12713e-16,NaN
91.70433,1.12089e-16,NaN
91.7179,1.12386e-16,NaN
91.73147,1.12283e-16,NaN
91.74505,1.1195e-16,NaN
91.75863,1.12443e-16,NaN
91.77221,1.11929e-16,NaN
91.7858,1.11953e-16,NaN
91.79939,1.11923e-16,NaN
91.81299,1.12335e-16,NaN
91.82659,1.11863e-16,NaN
91.84019,1.11881e-16,NaN
91.8538,1.12059e-16,NaN
91.86741,1.11711e-16,NaN
91.88103,1.12217e-16,NaN
91.89465,1.12087e-16,NaN
91.90827,1.12245e-16,NaN
91.9219,1.12127e-16,NaN
91.93553,1.11509e-16,NaN
91.94917,1.12027e-16,NaN
91.96281,1.10991e-16,NaN
91.97645,1.11753e-16,NaN
91.9901,1.11417e-16,NaN
92.00375,1.11676e-16,NaN
92.01741,1.1111e-16,NaN
92.03107,1.11205e-16,NaN
92.04474,1.10997e-16,NaN
92.0584,1.10616e-16,NaN
92.07208,1.11079e-16,NaN
92.08575,1.10579e-16,NaN
92.09943,1.11151e-16,NaN
92.11312,1.1067e-16,NaN
92.12681,1.10861e-16,NaN
92.1405,1.11374e-16,NaN
92.1542,1.11251e-16,NaN
92.1679,1.11437e-16,NaN
92.18161,1.11013e-16,NaN
92.19531,1.11487e-16,NaN
92.20903,1.11101e-16,NaN
92.22275,1.10945e-16,NaN
92.23647,1.10874e-16,NaN
92.25019,1.10453e-16,NaN
92.26392,1.10371e-16,NaN
92.27766,1.10739e-16,NaN
92.29139,1.10524e-16,NaN
92.30514,1.1078e-16,NaN
92.31888,1.10761e-16,NaN
92.33263,1.10334e-16,NaN
92.34639,1.10278e-16,NaN
92.36015,1.10541e-16,NaN
92.37391,1.10017e-16,NaN
92.38767,1.10195e-16,NaN
92.40145,1.10208e-16,NaN
92.41522,1.10052e-16,NaN
92.429,1.09969e-16,NaN
92.44278,1.09891e-16,NaN
92.45657,1.10083e-16,NaN
92.47036,1.09561e-16,NaN
92.48416,1.10203e-16,NaN
92.49796,1.101e-16,NaN
92.51176,1.10265e-16,NaN
92.52557,1.10009e-16,NaN
92.53938,1.09861e-16,NaN
92.55319,1.10182e-16,NaN
92.56701,1.09657e-16,NaN
92.58084,1.09886e-16,NaN
92.59467,1.09309e-16,NaN
92.6085,1.09463e-16,NaN
92.62234,1.08924e-16,NaN
92.63618,1.08846e-16,NaN
92.65002,1.08829e-16,NaN
92.66387,1.088e-16,NaN
92.67772,1.09745e-16,NaN
92.69158,1.08649e-16,NaN
92.70544,1.08782e-16,NaN
92.71931,1.08699e-16,NaN
92.73318,1.08709e-16,NaN
92.74705,1.0898e-16,NaN
92.76093,1.07941e-16,NaN
92.77481,1.08591e-16,NaN
92.7887,1.07927e-16,NaN
92.80259,1.08336e-16,NaN
92.81648,1.08335e-16,NaN
92.83038,1.07749e-16,NaN
92.84429,1.08495e-16,NaN
92.85819,1.0802e-16,NaN
92.8721,1.08451e-16,NaN
92.88602,1.0797e-16,NaN
92.89994,1.08228e-16,NaN
92.91386,1.08262e-16,NaN
92.92779,1.07551e-16,NaN
92.94172,1.07688e-16,NaN
92.95566,1.06917e-16,NaN
92.9696,1.07706e-16,NaN
92.98355,1.07045e-16,NaN
92.99749,1.07199e-16,NaN
93.01145,1.07194e-16,NaN
93.0254,1.05952e-16,NaN
93.03937,1.06683e-16,NaN
93.05333,1.06352e-16,NaN
93.0673,1.06609e-16,NaN
93.08128,1.06533e-16,NaN
93.09525,1.06804e-16,NaN
93.10924,1.06373e-16,NaN
93.12322,1.06642e-16,NaN
93.13721,1.06763e-16,NaN
93.15121,1.06542e-16,NaN
93.16521,1.0706e-16,NaN
93.17921,1.06354e-16,NaN
93.19322,1.07168e-16,NaN
93.20723,1.06261e-16,NaN
93.22125,1.06286e-16,NaN
93.23527,1.05953e-16,NaN
93.24929,1.06017e-16,NaN
93.26332,1.06354e-16,NaN
93.27735,1.05553e-16,NaN
93.29139,1.05935e-16,NaN
93.30543,1.05951e-16,NaN
93.31948,1.05818e-16,NaN
93.33353,1.04926e-16,NaN
93.34758,1.04066e-16,NaN
93.36164,1.04521e-16,NaN
93.3757,1.03957e-16,NaN
93.38977,1.04577e-16,NaN
93.40384,1.04768e-16,NaN
93.41792,1.04774e-16,NaN
93.432,1.05142e-16,NaN
93.44608,1.04686e-16,NaN
93.46017,1.05611e-16,NaN
93.47426,1.04781e-16,NaN
93.48836,1.05119e-16,NaN
93.50246,1.04439e-16,NaN
93.51656,1.04805e-16,NaN
93.53067,1.04874e-16,NaN
93.54479,1.04285e-16,NaN
93.5589,1.04278e-16,NaN
93.57303,1.03561e-16,NaN
93.58715,1.04053e-16,NaN
93.60128,1.03494e-16,NaN
93.61542,1.03483e-16,NaN
93.62956,1.03556e-16,NaN
93.6437,1.03481e-16,NaN
93.65785,1.03564e-16,NaN
93.672,1.03515e-16,NaN
93.68616,1.033e-16,NaN
93.70032,1.03806e-16,NaN
93.71448,1.03825e-16,NaN
93.72865,1.03963e-16,NaN
93.74282,1.03145e-16,NaN
93.757,1.03265e-16,NaN
93.77118,1.02796e-16,NaN
93.78537,1.03057e-16,NaN
93.79956,1.02919e-16,NaN
93.81376,1.02566e-16,NaN
93.82795,1.02996e-16,NaN
93.84216,1.02641e-16,NaN
93.85637,1.02815e-16,NaN
93.87058,1.02352e-16,NaN
93.88479,1.02495e-16,NaN
93.89901,1.02403e-16,NaN
93.91324,1.01691e-16,NaN
93.92747,1.0201e-16,NaN
93.9417,1.01012e-16,NaN
93.95594,1.01867e-16,NaN
93.97018,1.01077e-16,NaN
93.98443,1.01208e-16,NaN
93.99868,1.01106e-16,NaN
94.01294,1.0093e-16,NaN
94.02719,1.00613e-16,NaN
94.04146,1.00417e-16,NaN
94.05573,1.00916e-16,NaN
94.07,1.00135e-16,NaN
94.08428,1.00917e-16,NaN
94.09856,1.00614e-16,NaN
94.11284,1.01064e-16,NaN
94.12713,1.0086e-16,NaN
94.14143,1.00584e-16,NaN
94.15573,1.01234e-16,NaN
94.17003,1.00879e-16,NaN
94.18434,1.00963e-16,NaN
94.19865,1.0054e-16,NaN
94.21296,1.01258e-16,NaN
94.22728,1.00718e-16,NaN
94.24161,1.00777e-16,NaN
94.25594,1.00817e-16,NaN
94.27027,1.00323e-16,NaN
94.28461,1.00617e-16,NaN
94.29895,1.0018e-16,NaN
94.3133,1.00427e-16,NaN
94.32765,1.00279e-16,NaN
94.342,1.0001e-16,NaN
94.35636,1.00146e-16,NaN
94.37073,9.98967e-17,NaN
94.38509,1.00049e-16,NaN
94.39947,9.9625e-17,NaN
94.41384,9.99578e-17,NaN
94.42822,9.93598e-17,NaN
94.44261,9.94885e-17,NaN
94.457,9.95457e-17,NaN
94.4714,9.93234e-17,NaN
94.48579,9.95626e-17,NaN
94.5002,9.90647e-17,NaN
94.51461,9.90205e-17,NaN
94.52902,9.8884e-17,NaN
94.54343,9.86656e-17,NaN
94.55785,9.83861e-17,NaN
94.57228,9.83406e-17,NaN
94.58671,9.86474e-17,NaN
94.60114,9.8273e-17,NaN
94.61558,9.83991e-17,NaN
94.63003,9.80286e-17,NaN
94.64447,9.81261e-17,NaN
94.65892,9.82366e-17,NaN
94.67338,9.82509e-17,NaN
94.68784,9.82418e-17,NaN
94.70231,9.80663e-17,NaN
94.71678,9.83731e-17,NaN
94.73125,9.80897e-17,NaN
94.74573,9.8104e-17,NaN
94.76021,9.80507e-17,NaN
94.7747,9.75138e-17,NaN
94.78919,9.7883e-17,NaN
94.80368,9.7493e-17,NaN
94.81819,9.76659e-17,NaN
94.83269,9.70666e-17,NaN
94.8472,9.73552e-17,NaN
94.86171,9.74046e-17,NaN
94.87623,9.70172e-17,NaN
94.89075,9.68053e-17,NaN
94.90528,9.61163e-17,NaN
94.91981,9.6245e-17,NaN
94.93435,9.62632e-17,NaN
94.94889,9.57458e-17,NaN
94.96343,9.54728e-17,NaN
94.97798,9.55521e-17,NaN
94.99254,9.5465e-17,NaN
95.00709,9.49372e-17,NaN
95.02166,9.52752e-17,NaN
95.03622,9.4763e-17,NaN
95.0508,9.48384e-17,NaN
95.06537,9.50763e-17,NaN
95.07995,9.48748e-17,NaN
95.09454,9.56054e-17,NaN
95.10913,9.50451e-17,NaN
95.12372,9.53207e-17,NaN
95.13832,9.52882e-17,NaN
95.15292,9.54715e-17,NaN
95.16753,9.46824e-17,NaN
95.18214,9.47006e-17,NaN
95.19676,9.44081e-17,NaN
95.21138,9.40376e-17,NaN
95.22601,9.44445e-17,NaN
95.24064,9.37568e-17,NaN
95.25527,9.40246e-17,NaN
95.26991,9.36528e-17,NaN
95.28455,9.34981e-17,NaN
95.2992,9.35306e-17,NaN
95.31385,9.34591e-17,NaN
95.32851,9.38842e-17,NaN
95.34317,9.33603e-17,NaN
95.35784,9.3515e-17,NaN
95.37251,9.36073e-17,NaN
95.38718,9.27324e-17,NaN
95.40186,9.30847e-17,NaN
95.41655,9.32173e-17,NaN
95.43123,9.27974e-17,NaN
95.44593,9.29118e-17,NaN
95.46062,9.28182e-17,NaN
95.47533,9.33993e-17,NaN
95.49003,9.31679e-17,NaN
95.50474,9.31458e-17,NaN
95.51946,9.27961e-17,NaN
95.53418,9.28871e-17,NaN
95.5489,9.22904e-17,NaN
95.56363,9.24568e-17,NaN
95.57837,9.26843e-17,NaN
95.59311,9.25504e-17,NaN
95.60785,9.21721e-17,NaN
95.6226,9.23762e-17,NaN
95.63735,9.24841e-17,NaN
95.65211,9.23658e-17,NaN
95.66687,9.22111e-17,NaN
95.68163,9.21695e-17,NaN
95.6964,9.21487e-17,NaN
95.71118,9.23658e-17,NaN
95.72596,9.20668e-17,NaN
95.74074,9.21253e-17,NaN
95.75553,9.21292e-17,NaN
95.77032,9.15819e-17,NaN
95.78512,9.15728e-17,NaN
95.79992,9.13557e-17,NaN
95.81473,9.12205e-17,NaN
95.82954,9.08864e-17,NaN
95.84436,9.13973e-17,NaN
95.85918,9.10242e-17,NaN
95.874,9.08565e-17,NaN
95.88883,9.12205e-17,NaN
95.90367,9.0967e-17,NaN
95.9185,9.08422e-17,NaN
95.93335,9.08526e-17,NaN
95.9482,9.13219e-17,NaN
95.96305,9.10502e-17,NaN
95.97791,9.1097e-17,NaN
95.99277,9.11789e-17,NaN
96.00763,9.08058e-17,NaN
96.02251,9.10112e-17,NaN
96.03738,9.07031e-17,NaN
96.05226,9.1019e-17,NaN
96.06715,9.07746e-17,NaN
96.08204,9.08136e-17,NaN
96.09693,9.10684e-17,NaN
96.11183,9.07044e-17,NaN
96.12673,9.07954e-17,NaN
96.14164,9.03248e-17,NaN
96.15655,9.03001e-17,NaN
96.17147,9.02416e-17,NaN
96.18639,9.01155e-17,NaN
96.20132,9.01584e-17,NaN
96.21625,9.02065e-17,NaN
96.23119,9.03638e-17,NaN
96.24613,9.04197e-17,NaN
96.26107,9.04197e-17,NaN
96.27602,9.06316e-17,NaN
96.29097,9.08838e-17,NaN
96.30593,9.08617e-17,NaN
96.3209,9.07512e-17,NaN
96.33587,9.08344e-17,NaN
96.35084,9.08617e-17,NaN
96.36582,9.072e-17,NaN
96.3808,9.04795e-17,NaN
96.39579,9.08422e-17,NaN
96.41078,9.046e-17,NaN
96.42577,9.05458e-17,NaN
96.44077,9.06251e-17,NaN
96.45578,9.03261e-17,NaN
96.47079,9.05848e-17,NaN
96.4858,9.01324e-17,NaN
96.50082,9.03183e-17,NaN
96.51585,9.01389e-17,NaN
96.53088,9.00336e-17,NaN
96.54591,9.01519e-17,NaN
96.56095,8.99894e-17,NaN
96.57599,9.00245e-17,NaN
96.59104,8.994e-17,NaN
96.60609,8.96345e-17,NaN
96.62115,8.95357e-17,NaN
96.63621,8.93589e-17,NaN
96.65128,8.94395e-17,NaN
96.66635,8.9212e-17,NaN
96.68142,8.89676e-17,NaN
96.69651,8.90599e-17,NaN
96.71159,8.87791e-17,NaN
96.72668,8.87245e-17,NaN
96.74178,8.87141e-17,NaN
96.75687,8.87765e-17,NaN
96.77198,8.8601e-17,NaN
96.78709,8.85932e-17,NaN
96.8022,8.83462e-17,NaN
96.81732,8.82618e-17,NaN
96.83244,8.81877e-17,NaN
96.84757,8.81201e-17,NaN
96.8627,8.82345e-17,NaN
96.87784,8.81916e-17,NaN
96.89298,8.83696e-17,NaN
96.90813,8.78133e-17,NaN
96.92328,8.80733e-17,NaN
96.93844,8.79407e-17,NaN
96.9536,8.80044e-17,NaN
96.96876,8.81331e-17,NaN
96.98393,8.82878e-17,NaN
96.99911,8.83177e-17,NaN
97.01429,8.83683e-17,NaN
97.02947,8.85074e-17,NaN
97.04466,8.85932e-17,NaN
97.05986,8.85256e-17,NaN
97.07505,8.85607e-17,NaN
97.09026,8.84372e-17,NaN
97.10547,8.84762e-17,NaN
97.12068,8.85178e-17,NaN
97.1359,8.87869e-17,NaN
97.15112,8.87362e-17,NaN
97.16635,8.85347e-17,NaN
97.18158,8.84476e-17,NaN
97.19682,8.82488e-17,NaN
97.21206,8.81708e-17,NaN
97.2273,8.81201e-17,NaN
97.24256,8.84437e-17,NaN
97.25781,8.82774e-17,NaN
97.27307,8.82228e-17,NaN
97.28834,8.83748e-17,NaN
97.30361,8.84892e-17,NaN
97.31888,8.82384e-17,NaN
97.33416,8.83229e-17,NaN
97.34945,8.81617e-17,NaN
97.36474,8.7955e-17,NaN
97.38003,8.78198e-17,NaN
97.39533,8.78978e-17,NaN
97.41064,8.80421e-17,NaN
97.42595,8.78458e-17,NaN
97.44126,8.80031e-17,NaN
97.45658,8.79108e-17,NaN
97.4719,8.76235e-17,NaN
97.48723,8.77522e-17,NaN
97.50256,8.78146e-17,NaN
97.5179,8.74883e-17,NaN
97.53324,8.75507e-17,NaN
97.54859,8.72075e-17,NaN
97.56394,8.75494e-17,NaN
97.5793,8.69995e-17,NaN
97.59466,8.68864e-17,NaN
97.61003,8.67668e-17,NaN
97.6254,8.65965e-17,NaN
97.64078,8.65952e-17,NaN
97.65616,8.63222e-17,NaN
97.67154,8.63794e-17,NaN
97.68694,8.62572e-17,NaN
97.70233,8.64054e-17,NaN
97.71773,8.65484e-17,NaN
97.73314,8.64626e-17,NaN
97.74855,8.6356e-17,NaN
97.76396,8.61207e-17,NaN
97.77938,8.64873e-17,NaN
97.79481,8.60193e-17,NaN
97.81024,8.63365e-17,NaN
97.82567,8.60271e-17,NaN
97.84111,8.63664e-17,NaN
97.85656,8.61701e-17,NaN
97.87201,8.5966e-17,NaN
97.88746,8.61532e-17,NaN
97.90292,8.60908e-17,NaN
97.91838,8.58919e-17,NaN
97.93385,8.60245e-17,NaN
97.94933,8.58997e-17,NaN
97.96481,8.58997e-17,NaN
97.98029,8.59647e-17,NaN
97.99578,8.60167e-17,NaN
98.01127,8.56449e-17,NaN
98.02677,8.6109e-17,NaN
98.04227,8.61792e-17,NaN
98.05778,8.59075e-17,NaN
98.07329,8.62169e-17,NaN
98.08881,8.59946e-17,NaN
98.10434,8.58087e-17,NaN
98.11986,8.55773e-17,NaN
98.1354,8.5667e-17,NaN
98.15093,8.56137e-17,NaN
98.16648,8.52874e-17,NaN
98.18202,8.53238e-17,NaN
98.19758,8.49884e-17,NaN
98.21313,8.54109e-17,NaN
98.2287,8.50898e-17,NaN
98.24426,8.52029e-17,NaN
98.25983,8.52029e-17,NaN
98.27541,8.529e-17,NaN
98.29099,8.5264e-17,NaN
98.30658,8.51366e-17,NaN
98.32217,8.4887e-17,NaN
98.33777,8.47102e-17,NaN
98.35337,8.45971e-17,NaN
98.36898,8.44866e-17,NaN
98.38459,8.47297e-17,NaN
98.40021,8.43072e-17,NaN
98.41583,8.4445e-17,NaN
98.43145,8.4549e-17,NaN
98.44709,8.42045e-17,NaN
98.46272,8.43098e-17,NaN
98.47836,8.38327e-17,NaN
98.49401,8.40394e-17,NaN
98.50966,8.39341e-17,NaN
98.52532,8.37443e-17,NaN
98.54098,8.34011e-17,NaN
98.55664,8.33023e-17,NaN
98.57232,8.34076e-17,NaN
98.58799,8.32152e-17,NaN
98.60367,8.29838e-17,NaN
98.61936,8.31931e-17,NaN
98.63505,8.33725e-17,NaN
98.65075,8.32828e-17,NaN
98.66645,8.31203e-17,NaN
98.68215,8.33621e-17,NaN
98.69787,8.29695e-17,NaN
98.71358,8.31268e-17,NaN
98.7293,8.30657e-17,NaN
98.74503,8.28603e-17,NaN
98.76076,8.27082e-17,NaN
98.7765,8.26536e-17,NaN
98.79224,8.26861e-17,NaN
98.80798,8.2313e-17,NaN
98.82374,8.23468e-17,NaN
98.83949,8.21388e-17,NaN
98.85525,8.17189e-17,NaN
98.87102,8.19438e-17,NaN
98.88679,8.16123e-17,NaN
98.90257,8.17111e-17,NaN
98.91835,8.16032e-17,NaN
98.93414,8.17553e-17,NaN
98.94993,8.17059e-17,NaN
98.96572,8.16227e-17,NaN
98.98153,8.20608e-17,NaN
98.99733,8.17631e-17,NaN
99.01314,8.1754e-17,NaN
99.02896,8.16201e-17,NaN
99.04478,8.12223e-17,NaN
99.06061,8.11157e-17,NaN
99.07644,8.08804e-17,NaN
99.09228,8.08388e-17,NaN
99.10812,8.04124e-17,NaN
99.12397,8.03357e-17,NaN
99.13982,8.0207e-17,NaN
99.15568,8.01849e-17,NaN
99.17154,7.96597e-17,NaN
99.18741,7.99132e-17,NaN
99.20328,8.00575e-17,NaN
99.21916,8.03747e-17,NaN
99.23504,8.04644e-17,NaN
99.25093,8.02018e-17,NaN
99.26682,8.03604e-17,NaN
99.28272,7.98261e-17,NaN
99.29862,7.94829e-17,NaN
99.31453,7.92918e-17,NaN
99.33044,7.88849e-17,NaN
99.34636,7.89031e-17,NaN
99.36228,7.85222e-17,NaN
99.37821,7.86834e-17,NaN
99.39415,7.8179e-17,NaN
99.41009,7.84195e-17,NaN
99.42603,7.78189e-17,NaN
99.44198,7.81088e-17,NaN
99.45793,7.82037e-17,NaN
99.47389,7.81062e-17,NaN
99.48986,7.80867e-17,NaN
99.50583,7.83948e-17,NaN
99.5218,7.85495e-17,NaN
99.53778,7.8907e-17,NaN
99.55377,7.84481e-17,NaN
99.56976,7.86587e-17,NaN
99.58575,7.78982e-17,NaN
99.60175,7.79749e-17,NaN
99.61776,7.73236e-17,NaN
99.63377,7.73041e-17,NaN
99.64978,7.74419e-17,NaN
99.6658,7.75368e-17,NaN
99.68183,7.71442e-17,NaN
99.69786,7.67087e-17,NaN
99.7139,7.69323e-17,NaN
99.72994,7.68335e-17,NaN
99.74598,7.70597e-17,NaN
99.76204,7.69895e-17,NaN
99.77809,7.69505e-17,NaN
99.79416,7.72521e-17,NaN
99.81022,7.71533e-17,NaN
99.8263,7.73964e-17,NaN
99.84237,7.74432e-17,NaN
99.85846,7.76655e-17,NaN
99.87454,7.66489e-17,NaN
99.89064,7.68621e-17,NaN
99.90674,7.6476e-17,NaN
99.92284,7.59833e-17,NaN
99.93895,7.53866e-17,NaN
99.95506,7.5345e-17,NaN
99.97118,7.5449e-17,NaN
99.98731,7.52996e-17,NaN
100.00344,7.505e-17,NaN
100.01957,7.48277e-17,NaN
100.03571,7.45976e-17,NaN
100.05186,7.46704e-17,NaN
100.06801,7.43831e-17,NaN
100.08416,7.46041e-17,NaN
100.10032,7.4387e-17,NaN
100.11649,7.47211e-17,NaN
100.13266,7.48355e-17,NaN
100.14884,7.50448e-17,NaN
100.16502,7.5258e-17,NaN
100.1812,7.50071e-17,NaN
100.1974,7.53905e-17,NaN
100.21359,7.51228e-17,NaN
100.2298,7.44013e-17,NaN
100.246,7.4504e-17,NaN
100.26222,7.42635e-17,NaN
100.27844,7.41803e-17,NaN
100.29466,7.34263e-17,NaN
100.31089,7.30532e-17,NaN
100.32712,7.21094e-17,NaN
100.34336,7.18494e-17,NaN
100.35961,7.1436e-17,NaN
100.37586,7.12917e-17,NaN
100.39211,7.21757e-17,NaN
100.40837,7.23044e-17,NaN
100.42464,7.30272e-17,NaN
100.44091,7.36408e-17,NaN
100.45719,7.37877e-17,NaN
100.47347,7.39398e-17,NaN
100.48975,7.3672e-17,NaN
100.50605,7.37214e-17,NaN
100.52234,7.34679e-17,NaN
100.53865,7.35745e-17,NaN
100.55495,7.31013e-17,NaN
100.57127,7.27009e-17,NaN
100.58759,7.23655e-17,NaN
100.60391,7.23863e-17,NaN
100.62024,7.25059e-17,NaN
100.63657,7.25059e-17,NaN
100.65291,7.22043e-17,NaN
100.66926,7.16427e-17,NaN
100.68561,7.1189e-17,NaN
100.70196,7.11708e-17,NaN
100.71833,7.11994e-17,NaN
100.73469,7.1605e-17,NaN
100.75106,7.1618e-17,NaN
100.76744,7.23499e-17,NaN
100.78382,7.23343e-17,NaN
100.80021,7.22472e-17,NaN
100.8166,7.19014e-17,NaN
100.833,7.11955e-17,NaN
100.84941,7.13593e-17,NaN
100.86581,7.12735e-17,NaN
100.88223,7.19222e-17,NaN
100.89865,7.18832e-17,NaN
100.91507,7.21029e-17,NaN
100.9315,7.28192e-17,NaN
100.94794,7.2749e-17,NaN
100.96438,7.27464e-17,NaN
100.98083,7.19677e-17,NaN
100.99728,7.16869e-17,NaN
101.01374,7.08406e-17,NaN
101.0302,7.06326e-17,NaN
101.04667,7.0227e-17,NaN
101.06314,7.0097e-17,NaN
101.07962,7.02725e-17,NaN
101.0961,6.97824e-17,NaN
101.11259,7.00892e-17,NaN
101.12909,6.98461e-17,NaN
101.14559,6.99241e-17,NaN
101.16209,6.98162e-17,NaN
101.1786,7.02114e-17,NaN
101.19512,7.05013e-17,NaN
101.21164,7.0435e-17,NaN
101.22817,7.10148e-17,NaN
101.2447,7.13424e-17,NaN
101.26124,7.16167e-17,NaN
101.27778,7.13554e-17,NaN
101.29433,7.08653e-17,NaN
101.31088,7.04584e-17,NaN
101.32744,6.98578e-17,NaN
101.34401,6.97837e-17,NaN
101.36058,6.97447e-17,NaN
101.37715,6.98747e-17,NaN
101.39373,7.01425e-17,NaN
101.41032,7.00151e-17,NaN
101.42691,7.05208e-17,NaN
101.44351,7.01698e-17,NaN
101.46011,7.00749e-17,NaN
101.47672,6.99267e-17,NaN
101.49334,6.94444e-17,NaN
101.50995,6.96355e-17,NaN
101.52658,6.94834e-17,NaN
101.54321,6.97434e-17,NaN
101.55985,6.93391e-17,NaN
101.57649,6.89907e-17,NaN
101.59313,6.8966e-17,NaN
101.60978,6.91844e-17,NaN
101.62644,6.90505e-17,NaN
101.6431,6.86683e-17,NaN
101.65977,6.91818e-17,NaN
101.67645,6.93755e-17,NaN
101.69313,7.00697e-17,NaN
101.70981,7.09017e-17,NaN
101.7265,7.13528e-17,NaN
101.7432,7.14737e-17,NaN
101.7599,7.09901e-17,NaN
101.7766,7.07444e-17,NaN
101.79332,6.97356e-17,NaN
101.81003,6.99891e-17,NaN
101.82676,6.94561e-17,NaN
101.84349,6.88828e-17,NaN
101.86022,6.81418e-17,NaN
101.87696,6.76322e-17,NaN
101.8937,6.79741e-17,NaN
101.91045,6.82289e-17,NaN
101.92721,6.79897e-17,NaN
101.94397,6.76465e-17,NaN
101.96074,6.78701e-17,NaN
101.97751,6.85695e-17,NaN
101.99429,6.9759e-17,NaN
102.01107,7.0318e-17,NaN
102.02786,6.98461e-17,NaN
102.04466,7.03583e-17,NaN
102.06146,6.99956e-17,NaN
102.07826,6.98097e-17,NaN
102.09507,7.01802e-17,NaN
102.11189,7.01685e-17,NaN
102.12871,6.93768e-17,NaN
102.14554,6.81093e-17,NaN
102.16238,6.80482e-17,NaN
102.17921,6.84421e-17,NaN
102.19606,6.81509e-17,NaN
102.21291,6.71434e-17,NaN
102.22976,6.68002e-17,NaN
102.24663,6.68067e-17,NaN
102.26349,6.80469e-17,NaN
102.28037,6.83901e-17,NaN
102.29724,6.68899e-17,NaN
102.31413,6.64219e-17,NaN
102.33102,6.62529e-17,NaN
102.34791,6.58447e-17,NaN
102.36481,6.59188e-17,NaN
102.38172,6.62828e-17,NaN
102.39863,6.68769e-17,NaN
102.41555,6.56952e-17,NaN
102.43247,6.5742e-17,NaN
102.4494,6.68782e-17,NaN
102.46633,6.82705e-17,NaN
102.48327,6.74814e-17,NaN
102.50021,6.57615e-17,NaN
102.51716,6.47852e-17,NaN
102.53412,6.59227e-17,NaN
102.55108,6.80677e-17,NaN
102.56805,6.81925e-17,NaN
102.58502,6.55236e-17,NaN
102.602,6.40884e-17,NaN
102.61899,6.32798e-17,NaN
102.63598,6.3246e-17,NaN
102.65297,6.30484e-17,NaN
102.66997,6.38635e-17,NaN
102.68698,6.41313e-17,NaN
102.70399,6.42392e-17,NaN
102.72101,6.42457e-17,NaN
102.73803,6.5326e-17,NaN
102.75506,6.73631e-17,NaN
102.7721,6.81041e-17,NaN
102.78914,6.68054e-17,NaN
102.80618,6.44173e-17,NaN
102.82324,6.50166e-17,NaN
102.84029,6.66403e-17,NaN
102.85736,6.62178e-17,NaN
102.87443,6.50569e-17,NaN
102.8915,6.40377e-17,NaN
102.90858,6.33994e-17,NaN
102.92567,6.21437e-17,NaN
102.94276,6.17095e-17,NaN
102.95986,6.13494e-17,NaN
102.97696,6.16575e-17,NaN
102.99407,6.27169e-17,NaN
103.01118,6.38674e-17,NaN
103.0283,6.61866e-17,NaN
103.04543,6.81132e-17,NaN
103.06256,6.8264e-17,NaN
103.0797,6.5703e-17,NaN
103.09684,6.40884e-17,NaN
103.11399,6.40897e-17,NaN
103.13114,6.5326e-17,NaN
103.1483,6.64739e-17,NaN
103.16547,6.6366e-17,NaN
103.18264,6.59357e-17,NaN
103.19982,6.50244e-17,NaN
103.217,6.33032e-17,NaN
103.23419,6.14677e-17,NaN
103.25138,6.01261e-17,NaN
103.26858,5.9701e-17,NaN
103.28579,6.01053e-17,NaN
103.303,6.16302e-17,NaN
103.32022,6.34033e-17,NaN
103.33744,6.46487e-17,NaN
103.35467,6.49048e-17,NaN
103.3719,6.42964e-17,NaN
103.38914,6.361e-17,NaN
103.40639,6.32564e-17,NaN
103.42364,6.44342e-17,NaN
103.4409,6.61164e-17,NaN
103.45816,6.61216e-17,NaN
103.47543,6.57784e-17,NaN
103.4927,6.43237e-17,NaN
103.50998,6.26532e-17,NaN
103.52727,6.07267e-17,NaN
103.54456,5.91927e-17,NaN
103.56186,5.83009e-17,NaN
103.57916,5.77055e-17,NaN
103.59647,5.80396e-17,NaN
103.61379,5.79928e-17,NaN
103.63111,5.83828e-17,NaN
103.64844,5.81956e-17,NaN
103.66577,5.91264e-17,NaN
103.68311,5.97881e-17,NaN
103.70045,6.06799e-17,NaN
103.7178,6.21879e-17,NaN
103.73516,6.40013e-17,NaN
103.75252,6.52766e-17,NaN
103.76989,6.53364e-17,NaN
103.78726,6.4546e-17,NaN
103.80464,6.1885e-17,NaN
103.82202,5.94384e-17,NaN
103.83941,5.77952e-17,NaN
103.85681,5.66759e-17,NaN
103.87421,5.59947e-17,NaN
103.89162,5.62482e-17,NaN
103.90903,5.65784e-17,NaN
103.92645,5.61234e-17,NaN
103.94388,5.56775e-17,NaN
103.96131,5.60545e-17,NaN
103.97875,5.67565e-17,NaN
103.99619,5.76353e-17,NaN
104.01364,5.85479e-17,NaN
104.03109,5.90575e-17,NaN
104.04856,5.93825e-17,NaN
104.06602,6.02184e-17,NaN
104.08349,6.06331e-17,NaN
104.10097,6.06084e-17,NaN
104.11846,5.95814e-17,NaN
104.13595,5.76951e-17,NaN
104.15344,5.62664e-17,NaN
104.17095,5.5021e-17,NaN
104.18845,5.4228e-17,NaN
104.20597,5.36404e-17,NaN
104.22349,5.34272e-17,NaN
104.24101,5.33336e-17,NaN
104.25854,5.36313e-17,NaN
104.27608,5.46765e-17,NaN
104.29362,5.60597e-17,NaN
104.31117,5.76522e-17,NaN
104.32873,5.8154e-17,NaN
104.34629,5.82749e-17,NaN
104.36385,5.89184e-17,NaN
104.38143,5.91394e-17,NaN
104.39901,5.87234e-17,NaN
104.41659,5.69372e-17,NaN
104.43418,5.58894e-17,NaN
104.45178,5.47038e-17,NaN
104.46938,5.42488e-17,NaN
104.48699,5.37561e-17,NaN
104.5046,5.30268e-17,NaN
104.52222,5.23716e-17,NaN
104.53985,5.24678e-17,NaN
104.55748,5.29007e-17,NaN
104.57512,5.38601e-17,NaN
104.59276,5.47688e-17,NaN
104.61041,5.49248e-17,NaN
104.62807,5.53421e-17,NaN
104.64573,5.62495e-17,NaN
104.6634,5.65004e-17,NaN
104.68107,5.68046e-17,NaN
104.69875,5.71868e-17,NaN
104.71643,5.76522e-17,NaN
104.73413,5.80734e-17,NaN
104.75182,5.78381e-17,NaN
104.76953,5.76626e-17,NaN
104.78724,5.6412e-17,NaN
104.80495,5.50756e-17,NaN
104.82267,5.43112e-17,NaN
104.8404,5.38068e-17,NaN
104.85814,5.38523e-17,NaN
104.87587,5.40642e-17,NaN
104.89362,5.49651e-17,NaN
104.91137,5.59453e-17,NaN
104.92913,5.7517e-17,NaN
104.94689,5.82892e-17,NaN
104.96466,5.85856e-17,NaN
104.98244,5.87026e-17,NaN
105.00022,5.91875e-17,NaN
105.01801,6.00962e-17,NaN
105.0358,6.10153e-17,NaN
105.0536,6.15899e-17,NaN
105.07141,6.10582e-17,NaN
105.08922,5.95788e-17,NaN
105.10704,5.82879e-17,NaN
105.12486,5.77107e-17,NaN
105.14269,5.73948e-17,NaN
105.16052,5.71608e-17,NaN
105.17837,5.74325e-17,NaN
105.19621,5.7985e-17,NaN
105.21407,5.93448e-17,NaN
105.23193,6.02171e-17,NaN
105.2498,6.01703e-17,NaN
105.26767,6.03224e-17,NaN
105.28555,6.07631e-17,NaN
105.30343,6.22828e-17,NaN
105.32132,6.34332e-17,NaN
105.33922,6.4416e-17,NaN
105.35712,6.42756e-17,NaN
105.37503,6.32213e-17,NaN
105.39294,6.18161e-17,NaN
105.41086,6.02301e-17,NaN
105.42879,5.97062e-17,NaN
105.44672,5.92083e-17,NaN
105.46466,5.8882e-17,NaN
105.48261,5.84153e-17,NaN
105.50056,5.82307e-17,NaN
105.51852,5.82138e-17,NaN
105.53648,5.82606e-17,NaN
105.55445,5.84023e-17,NaN
105.57243,5.8388e-17,NaN
105.59041,5.83867e-17,NaN
105.6084,5.86168e-17,NaN
105.62639,5.89704e-17,NaN
105.64439,6.00728e-17,NaN
105.6624,6.12597e-17,NaN
105.68041,6.14391e-17,NaN
105.69843,6.06851e-17,NaN
105.71646,5.96139e-17,NaN
105.73449,5.9792e-17,NaN
105.75252,5.96893e-17,NaN
105.77057,5.94163e-17,NaN
105.78862,5.91524e-17,NaN
105.80667,5.8895e-17,NaN
105.82473,5.86402e-17,NaN
105.8428,5.84205e-17,NaN
105.86088,5.85492e-17,NaN
105.87896,5.81553e-17,NaN
105.89704,5.80162e-17,NaN
105.91514,5.77484e-17,NaN
105.93324,5.75651e-17,NaN
105.95134,5.70321e-17,NaN
105.96945,5.69684e-17,NaN
105.98757,5.69606e-17,NaN
106.00569,5.72817e-17,NaN
106.02382,5.72622e-17,NaN
106.04196,5.73818e-17,NaN
106.0601,5.75144e-17,NaN
106.07825,5.73311e-17,NaN
106.09641,5.74494e-17,NaN
106.11457,5.73584e-17,NaN
106.13273,5.70516e-17,NaN
106.15091,5.71478e-17,NaN
106.16909,5.71452e-17,NaN
106.18727,5.71348e-17,NaN
106.20546,5.6802e-17,NaN
106.22366,5.63379e-17,NaN
106.24187,5.63795e-17,NaN
106.26008,5.64692e-17,NaN
106.2783,5.66759e-17,NaN
106.29652,5.67396e-17,NaN
106.31475,5.75534e-17,NaN
106.33298,5.77718e-17,NaN
106.35123,5.85219e-17,NaN
106.36947,5.87468e-17,NaN
106.38773,5.80253e-17,NaN
106.40599,5.72245e-17,NaN
106.42426,5.67422e-17,NaN
106.44253,5.61065e-17,NaN
106.46081,5.5788e-17,NaN
106.4791,5.56567e-17,NaN
106.49739,5.55215e-17,NaN
106.51569,5.54695e-17,NaN
106.53399,5.54929e-17,NaN
106.5523,5.56086e-17,NaN
106.57062,5.59934e-17,NaN
106.58894,5.58023e-17,NaN
106.60727,5.64159e-17,NaN
106.62561,5.67032e-17,NaN
106.64395,5.7842e-17,NaN
106.6623,5.85167e-17,NaN
106.68066,5.83048e-17,NaN
106.69902,5.79317e-17,NaN
106.71739,5.70373e-17,NaN
106.73576,5.64289e-17,NaN
106.75414,5.59778e-17,NaN
106.77253,5.54396e-17,NaN
106.79092,5.54084e-17,NaN
106.80932,5.53304e-17,NaN
106.82773,5.50483e-17,NaN
106.84614,5.47532e-17,NaN
106.86456,5.50041e-17,NaN
106.88298,5.52485e-17,NaN
106.90141,5.56853e-17,NaN
106.91985,5.60064e-17,NaN
106.93829,5.67357e-17,NaN
106.95675,5.79317e-17,NaN
106.9752,5.84283e-17,NaN
106.99366,5.78537e-17,NaN
107.01213,5.62989e-17,NaN
107.03061,5.46635e-17,NaN
107.04909,5.29033e-17,NaN
107.06758,5.1927e-17,NaN
107.08608,5.13446e-17,NaN
107.10458,5.09442e-17,NaN
107.12309,5.09026e-17,NaN
107.1416,5.05256e-17,NaN
107.16012,5.07466e-17,NaN
107.17865,5.05035e-17,NaN
107.19718,5.05737e-17,NaN
107.21572,5.07908e-17,NaN
107.23427,5.11405e-17,NaN
107.25282,5.12692e-17,NaN
107.27138,5.16423e-17,NaN
107.28994,5.18945e-17,NaN
107.30852,5.19543e-17,NaN
107.32709,5.15825e-17,NaN
107.34568,5.09312e-17,NaN
107.36427,5.00342e-17,NaN
107.38287,4.93543e-17,NaN
107.40147,4.91581e-17,NaN
107.42008,4.85952e-17,NaN
107.4387,4.85042e-17,NaN
107.45732,4.84249e-17,NaN
107.47595,4.86017e-17,NaN
107.49459,4.88396e-17,NaN
107.51323,4.88331e-17,NaN
107.53188,4.89176e-17,NaN
107.55054,4.9188e-17,NaN
107.5692,4.9318e-17,NaN
107.58787,4.9561e-17,NaN
107.60654,4.95129e-17,NaN
107.62522,4.89904e-17,NaN
107.64391,4.85302e-17,NaN
107.66261,4.76449e-17,NaN
107.68131,4.7654e-17,NaN
107.70002,4.71678e-17,NaN
107.71873,4.72614e-17,NaN
107.73745,4.7173e-17,NaN
107.75618,4.7147e-17,NaN
107.77491,4.78438e-17,NaN
107.79365,4.78763e-17,NaN
107.8124,4.82741e-17,NaN
107.83115,4.82455e-17,NaN
107.84991,4.833e-17,NaN
107.86868,4.8109e-17,NaN
107.88745,4.78074e-17,NaN
107.90623,4.78178e-17,NaN
107.92502,4.77424e-17,NaN
107.94381,4.75383e-17,NaN
107.96261,4.73992e-17,NaN
107.98141,4.71444e-17,NaN
108.00023,4.65126e-17,NaN
108.01904,4.67531e-17,NaN
108.03787,4.70664e-17,NaN
108.0567,4.73732e-17,NaN
108.07554,4.7524e-17,NaN
108.09438,4.77229e-17,NaN
108.11324,4.81571e-17,NaN
108.13209,4.81727e-17,NaN
108.15096,4.82923e-17,NaN
108.16983,4.84093e-17,NaN
108.18871,4.84834e-17,NaN
108.20759,4.87707e-17,NaN
108.22648,4.87746e-17,NaN
108.24538,4.88097e-17,NaN
108.26428,4.85939e-17,NaN
108.2832,4.84743e-17,NaN
108.30211,4.85874e-17,NaN
108.32104,4.83196e-17,NaN
108.33997,4.859e-17,NaN
108.3589,4.89384e-17,NaN
108.37785,4.90333e-17,NaN
108.3968,4.96728e-17,NaN
108.41576,5.0094e-17,NaN
108.43472,5.08298e-17,NaN
108.45369,5.12029e-17,NaN
108.47267,5.13186e-17,NaN
108.49165,5.15149e-17,NaN
108.51064,5.15422e-17,NaN
108.52964,5.15539e-17,NaN
108.54864,5.13797e-17,NaN
108.56765,5.14278e-17,NaN
108.58667,5.09741e-17,NaN
108.60569,5.09312e-17,NaN
108.62472,5.05919e-17,NaN
108.64376,5.10209e-17,NaN
108.6628,5.09975e-17,NaN
108.68185,5.14941e-17,NaN
108.70091,5.21493e-17,NaN
108.71997,5.25263e-17,NaN
108.73904,5.32582e-17,NaN
108.75812,5.38354e-17,NaN
108.77721,5.44113e-17,NaN
108.7963,5.45387e-17,NaN
108.81539,5.45634e-17,NaN
108.8345,5.45504e-17,NaN
108.85361,5.45959e-17,NaN
108.87272,5.4683e-17,NaN
108.89185,5.45907e-17,NaN
108.91098,5.48286e-17,NaN
108.93012,5.49235e-17,NaN
108.94926,5.52199e-17,NaN
108.96841,5.57451e-17,NaN
108.98757,5.63132e-17,NaN
109.00673,5.67994e-17,NaN
109.0259,5.72843e-17,NaN
109.04508,5.81787e-17,NaN
109.06427,5.90302e-17,NaN
109.08346,5.97647e-17,NaN
109.10266,6.04563e-17,NaN
109.12186,6.05915e-17,NaN
109.14107,6.01456e-17,NaN
109.16029,5.99857e-17,NaN
109.17952,5.96152e-17,NaN
109.19875,5.9246e-17,NaN
109.21799,5.90302e-17,NaN
109.23723,5.87975e-17,NaN
109.25648,5.89639e-17,NaN
109.27574,5.88625e-17,NaN
109.29501,5.91524e-17,NaN
109.31428,5.96581e-17,NaN
109.33356,6.01625e-17,NaN
109.35285,6.07969e-17,NaN
109.37214,6.12376e-17,NaN
109.39144,6.14144e-17,NaN
109.41075,6.15782e-17,NaN
109.43006,6.16562e-17,NaN
109.44938,6.16991e-17,NaN
109.46871,6.17056e-17,NaN
109.48804,6.13702e-17,NaN
109.50738,6.07605e-17,NaN
109.52673,6.01365e-17,NaN
109.54608,5.97361e-17,NaN
109.56545,5.97192e-17,NaN
109.58481,6.01703e-17,NaN
109.60419,6.078e-17,NaN
109.62357,6.23893e-17,NaN
109.64296,6.36347e-17,NaN
109.66236,6.49451e-17,NaN
109.68176,6.62854e-17,NaN
109.70117,6.69965e-17,NaN
109.72058,6.74645e-17,NaN
109.74001,6.73345e-17,NaN
109.75944,6.73098e-17,NaN
109.77887,6.69653e-17,NaN
109.79832,6.62997e-17,NaN
109.81777,6.57134e-17,NaN
109.83722,6.52428e-17,NaN
109.85669,6.5144e-17,NaN
109.87616,6.51713e-17,NaN
109.89564,6.54196e-17,NaN
109.91512,6.59461e-17,NaN
109.93462,6.62204e-17,NaN
109.95411,6.68145e-17,NaN
109.97362,6.71993e-17,NaN
109.99313,6.74463e-17,NaN
110.01265,6.72669e-17,NaN
110.03218,6.70238e-17,NaN
110.05171,6.60345e-17,NaN
110.07125,6.55301e-17,NaN
110.0908,6.49984e-17,NaN
110.11035,6.45317e-17,NaN
110.12992,6.39597e-17,NaN
110.14948,6.35138e-17,NaN
110.16906,6.31914e-17,NaN
110.18864,6.29184e-17,NaN
110.20823,6.2986e-17,NaN
110.22783,6.28105e-17,NaN
110.24743,6.27611e-17,NaN
110.26704,6.24933e-17,NaN
110.28666,6.21255e-17,NaN
110.30628,6.19162e-17,NaN
110.32591,6.17953e-17,NaN
110.34555,6.13949e-17,NaN
110.36519,6.16198e-17,NaN
110.38485,6.13507e-17,NaN
110.4045,6.14716e-17,NaN
110.42417,6.14196e-17,NaN
110.44384,6.15639e-17,NaN
110.46352,6.17082e-17,NaN
110.48321,6.19721e-17,NaN
110.5029,6.1846e-17,NaN
110.52261,6.1573e-17,NaN
110.54231,6.16016e-17,NaN
110.56203,6.15002e-17,NaN
110.58175,6.14794e-17,NaN
110.60148,6.15106e-17,NaN
110.62122,6.17355e-17,NaN
110.64096,6.22776e-17,NaN
110.66071,6.28144e-17,NaN
110.68047,6.37881e-17,NaN
110.70023,6.44875e-17,NaN
110.72,6.55392e-17,NaN
110.73978,6.63426e-17,NaN
110.75957,6.7094e-17,NaN
110.77936,6.81197e-17,NaN
110.79916,6.88607e-17,NaN
110.81897,6.92442e-17,NaN
110.83878,6.95523e-17,NaN
110.8586,6.9876e-17,NaN
110.87843,6.99059e-17,NaN
110.89826,6.98487e-17,NaN
110.91811,6.95991e-17,NaN
110.93796,6.89595e-17,NaN
110.95781,6.80963e-17,NaN
110.97768,6.74424e-17,NaN
110.99755,6.68496e-17,NaN
111.01742,6.62425e-17,NaN
111.03731,6.59201e-17,NaN
111.0572,6.59396e-17,NaN
111.0771,6.58317e-17,NaN
111.09701,6.57147e-17,NaN
111.11692,6.5508e-17,NaN
111.13684,6.5274e-17,NaN
111.15677,6.45187e-17,NaN
111.1767,6.41365e-17,NaN
111.19664,6.33331e-17,NaN
111.21659,6.2947e-17,NaN
111.23655,6.26844e-17,NaN
111.25651,6.22763e-17,NaN
111.27648,6.2388e-17,NaN
111.29646,6.23685e-17,NaN
111.31645,6.27507e-17,NaN
111.33644,6.30627e-17,NaN
111.35644,6.3064e-17,NaN
111.37645,6.34891e-17,NaN
111.39646,6.41807e-17,NaN
111.41648,6.47111e-17,NaN
111.43651,6.5287e-17,NaN
111.45654,6.5716e-17,NaN
111.47659,6.60007e-17,NaN
111.49664,6.61749e-17,NaN
111.51669,6.62906e-17,NaN
111.53676,6.61502e-17,NaN
111.55683,6.64544e-17,NaN
111.57691,6.66949e-17,NaN
111.59699,6.73358e-17,NaN
111.61709,6.75061e-17,NaN
111.63719,6.79325e-17,NaN
111.65729,6.80703e-17,NaN
111.67741,6.82484e-17,NaN
111.69753,6.82848e-17,NaN
111.71766,6.8472e-17,NaN
111.7378,6.87515e-17,NaN
111.75794,6.89387e-17,NaN
111.77809,6.91467e-17,NaN
111.79825,6.93976e-17,NaN
111.81842,6.97967e-17,NaN
111.83859,7.03076e-17,NaN
111.85877,7.06794e-17,NaN
111.87896,7.18676e-17,NaN
111.89915,7.27256e-17,NaN
111.91935,7.35147e-17,NaN
111.93956,7.42856e-17,NaN
111.95978,7.4088e-17,NaN
111.98,7.35225e-17,NaN
112.00023,7.28881e-17,NaN
112.02047,7.22914e-17,NaN
112.04072,7.16778e-17,NaN
112.06097,7.14828e-17,NaN
112.08123,7.14607e-17,NaN
112.1015,7.12514e-17,NaN
112.12178,7.15764e-17,NaN
112.14206,7.18078e-17,NaN
112.16235,7.20834e-17,NaN
112.18264,7.24695e-17,NaN
112.20295,7.30701e-17,NaN
112.22326,7.30675e-17,NaN
112.24358,7.2567e-17,NaN
112.26391,7.15868e-17,NaN
112.28424,7.00437e-17,NaN
112.30458,6.89907e-17,NaN
112.32493,6.78025e-17,NaN
112.34529,6.70797e-17,NaN
112.36565,6.66312e-17,NaN
112.38602,6.62282e-17,NaN
112.4064,6.64752e-17,NaN
112.42679,6.65896e-17,NaN
112.44718,6.69029e-17,NaN
112.46758,6.7185e-17,NaN
112.48799,6.73865e-17,NaN
112.5084,6.73254e-17,NaN
112.52882,6.7263e-17,NaN
112.54925,6.71577e-17,NaN
112.56969,6.65272e-17,NaN
112.59014,6.58434e-17,NaN
112.61059,6.5157e-17,NaN
112.63105,6.45005e-17,NaN
112.65152,6.36256e-17,NaN
112.67199,6.29691e-17,NaN
112.69247,6.23724e-17,NaN
112.71296,6.23724e-17,NaN
112.73346,6.19396e-17,NaN
112.75396,6.17095e-17,NaN
112.77448,6.13754e-17,NaN
112.795,6.09555e-17,NaN
112.81552,6.05694e-17,NaN
112.83606,5.98076e-17,NaN
112.8566,5.92707e-17,NaN
112.87715,5.86259e-17,NaN
112.8977,5.76795e-17,NaN
112.91827,5.6412e-17,NaN
112.93884,5.54006e-17,NaN
112.95942,5.44399e-17,NaN
112.98001,5.38224e-17,NaN
113.0006,5.35052e-17,NaN
113.0212,5.32608e-17,NaN
113.04181,5.31828e-17,NaN
113.06243,5.31646e-17,NaN
113.08305,5.31126e-17,NaN
113.10368,5.27772e-17,NaN
113.12432,5.27369e-17,NaN
113.14497,5.25575e-17,NaN
113.16563,5.23365e-17,NaN
113.18629,5.1979e-17,NaN
113.20696,5.15279e-17,NaN
113.22763,5.11223e-17,NaN
113.24832,5.03176e-17,NaN
113.26901,4.95415e-17,NaN
113.28971,4.91828e-17,NaN
113.31042,4.9123e-17,NaN
113.33113,4.8954e-17,NaN
113.35185,4.86589e-17,NaN
113.37259,4.82624e-17,NaN
113.39332,4.80908e-17,NaN
113.41407,4.79712e-17,NaN
113.43482,4.79933e-17,NaN
113.45558,4.81311e-17,NaN
113.47635,4.83742e-17,NaN
113.49712,4.87694e-17,NaN
113.51791,4.93244e-17,NaN
113.5387,5.00446e-17,NaN
113.5595,5.07466e-17,NaN
113.5803,5.12874e-17,NaN
113.60112,5.13888e-17,NaN
113.62194,5.11691e-17,NaN
113.64277,5.06166e-17,NaN
113.6636,5.00719e-17,NaN
113.68445,4.95129e-17,NaN
113.7053,4.89956e-17,NaN
113.72616,4.88955e-17,NaN
113.74703,4.90229e-17,NaN
113.7679,4.92699e-17,NaN
113.78878,4.94401e-17,NaN
113.80967,4.9353e-17,NaN
113.83057,4.91399e-17,NaN
113.85148,4.84405e-17,NaN
113.87239,4.79933e-17,NaN
113.89331,4.76111e-17,NaN
113.91424,4.71405e-17,NaN
113.93518,4.66179e-17,NaN
113.95612,4.60875e-17,NaN
113.97707,4.55675e-17,NaN
113.99803,4.51346e-17,NaN
114.019,4.46978e-17,NaN
114.03997,4.42129e-17,NaN
114.06096,4.39789e-17,NaN
114.08195,4.39737e-17,NaN
114.10294,4.42012e-17,NaN
114.12395,4.40803e-17,NaN
114.14496,4.4209e-17,NaN
114.16598,4.41817e-17,NaN
114.18701,4.40985e-17,NaN
114.20805,4.40335e-17,NaN
114.22909,4.38489e-17,NaN
114.25015,4.37865e-17,NaN
114.27121,4.37046e-17,NaN
114.29227,4.37241e-17,NaN
114.31335,4.34797e-17,NaN
114.33443,4.33952e-17,NaN
114.35552,4.32158e-17,NaN
114.37662,4.30702e-17,NaN
114.39773,4.31053e-17,NaN
114.41884,4.27621e-17,NaN
114.43997,4.28323e-17,NaN
114.4611,4.30104e-17,NaN
114.48223,4.28492e-17,NaN
114.50338,4.29753e-17,NaN
114.52453,4.28219e-17,NaN
114.54569,4.31209e-17,NaN
114.56686,4.33198e-17,NaN
114.58804,4.34095e-17,NaN
114.60922,4.33536e-17,NaN
114.63042,4.32834e-17,NaN
114.65162,4.3221e-17,NaN
114.67283,4.35603e-17,NaN
114.69404,4.3507e-17,NaN
114.71527,4.35148e-17,NaN
114.7365,4.34498e-17,NaN
114.75774,4.33471e-17,NaN
114.77898,4.34784e-17,NaN
114.80024,4.37865e-17,NaN
114.8215,4.4222e-17,NaN
114.84277,4.48174e-17,NaN
114.86405,4.54284e-17,NaN
114.88534,4.62006e-17,NaN
114.90663,4.67297e-17,NaN
114.92794,4.7108e-17,NaN
114.94925,4.7394e-17,NaN
114.97057,4.76969e-17,NaN
114.99189,4.81597e-17,NaN
115.01323,4.8434e-17,NaN
115.03457,4.84821e-17,NaN
115.05592,4.82988e-17,NaN
115.07728,4.82637e-17,NaN
115.09864,4.84639e-17,NaN
115.12002,4.89111e-17,NaN
115.1414,4.96403e-17,NaN
115.16279,5.02682e-17,NaN
115.18419,5.116e-17,NaN
115.20559,5.16852e-17,NaN
115.22701,5.17736e-17,NaN
115.24843,5.15981e-17,NaN
115.26986,5.07284e-17,NaN
115.2913,4.93647e-17,NaN
115.31274,4.77775e-17,NaN
115.33419,4.66192e-17,NaN
115.35566,4.59094e-17,NaN
115.37713,4.56364e-17,NaN
115.3986,4.55896e-17,NaN
115.42009,4.55636e-17,NaN
115.44158,4.55506e-17,NaN
115.46308,4.59679e-17,NaN
115.48459,4.63228e-17,NaN
115.50611,4.64372e-17,NaN
115.52764,4.6315e-17,NaN
115.54917,4.60901e-17,NaN
115.57071,4.5496e-17,NaN
115.59226,4.47537e-17,NaN
115.61382,4.39568e-17,NaN
115.63538,4.30416e-17,NaN
115.65696,4.22941e-17,NaN
115.67854,4.19847e-17,NaN
115.70013,4.16584e-17,NaN
115.72173,4.14816e-17,NaN
115.74333,4.16129e-17,NaN
115.76495,4.16441e-17,NaN
115.78657,4.1947e-17,NaN
115.8082,4.25008e-17,NaN
115.82984,4.2493e-17,NaN
115.85148,4.27725e-17,NaN
115.87314,4.29896e-17,NaN
115.8948,4.30936e-17,NaN
115.91647,4.28999e-17,NaN
115.93815,4.28505e-17,NaN
115.95984,4.26776e-17,NaN
115.98153,4.25255e-17,NaN
116.00324,4.22278e-17,NaN
116.02495,4.20328e-17,NaN
116.04667,4.18183e-17,NaN
116.06839,4.15544e-17,NaN
116.09013,4.11514e-17,NaN
116.11187,4.09798e-17,NaN
116.13363,4.08316e-17,NaN
116.15539,4.08134e-17,NaN
116.17715,4.08264e-17,NaN
116.19893,4.0998e-17,NaN
116.22072,4.1167e-17,NaN
116.24251,4.13958e-17,NaN
116.26431,4.15596e-17,NaN
116.28612,4.13399e-17,NaN
116.30794,4.12684e-17,NaN
116.32976,4.12632e-17,NaN
116.35159,4.11254e-17,NaN
116.37344,4.08251e-17,NaN
116.39529,4.06028e-17,NaN
116.41714,4.03649e-17,NaN
116.43901,4.00386e-17,NaN
116.46089,3.98891e-17,NaN
116.48277,3.95355e-17,NaN
116.50466,3.92417e-17,NaN
116.52656,3.90142e-17,NaN
116.54847,3.89544e-17,NaN
116.57038,3.90285e-17,NaN
116.59231,3.90441e-17,NaN
116.61424,3.91377e-17,NaN
116.63618,3.92079e-17,NaN
116.65813,3.94328e-17,NaN
116.68009,3.9321e-17,NaN
116.70205,3.92027e-17,NaN
116.72402,3.90987e-17,NaN
116.74601,3.9061e-17,NaN
116.768,3.89154e-17,NaN
116.79,3.86931e-17,NaN
116.812,3.85137e-17,NaN
116.83402,3.81367e-17,NaN
116.85604,3.80574e-17,NaN
116.87807,3.76466e-17,NaN
116.90011,3.75699e-17,NaN
116.92216,3.75283e-17,NaN
116.94422,3.75309e-17,NaN
116.96628,3.78117e-17,NaN
116.98836,3.80093e-17,NaN
117.01044,3.81822e-17,NaN
117.03253,3.82615e-17,NaN
117.05463,3.82745e-17,NaN
117.07673,3.81718e-17,NaN
117.09885,3.78442e-17,NaN
117.12097,3.75491e-17,NaN
117.1431,3.72657e-17,NaN
117.16524,3.71279e-17,NaN
117.18739,3.69953e-17,NaN
117.20955,3.69134e-17,NaN
117.23171,3.68926e-17,NaN
117.25389,3.67444e-17,NaN
117.27607,3.66235e-17,NaN
117.29826,3.6539e-17,NaN
117.32046,3.64077e-17,NaN
117.34266,3.63726e-17,NaN
117.36488,3.62531e-17,NaN
117.3871,3.66768e-17,NaN
117.40934,3.69498e-17,NaN
117.43158,3.71617e-17,NaN
117.45383,3.73554e-17,NaN
117.47608,3.75842e-17,NaN
117.49835,3.74802e-17,NaN
117.52062,3.73905e-17,NaN
117.54291,3.73333e-17,NaN
117.5652,3.75686e-17,NaN
117.5875,3.77363e-17,NaN
117.60981,3.76531e-17,NaN
117.63212,3.73723e-17,NaN
117.65445,3.69524e-17,NaN
117.67678,3.67639e-17,NaN
117.69913,3.65897e-17,NaN
117.72148,3.64727e-17,NaN
117.74384,3.67834e-17,NaN
117.7662,3.71396e-17,NaN
117.78858,3.70811e-17,NaN
117.81096,3.71916e-17,NaN
117.83336,3.73099e-17,NaN
117.85576,3.74269e-17,NaN
117.87817,3.74048e-17,NaN
117.90059,3.74009e-17,NaN
117.92302,3.74802e-17,NaN
117.94545,3.754e-17,NaN
117.9679,3.76063e-17,NaN
117.99035,3.76297e-17,NaN
118.01281,3.75569e-17,NaN
118.03528,3.75088e-17,NaN
118.05776,3.76674e-17,NaN
118.08025,3.77467e-17,NaN
118.10274,3.77506e-17,NaN
118.12525,3.80587e-17,NaN
118.14776,3.82225e-17,NaN
118.17028,3.83941e-17,NaN
118.19281,3.8944e-17,NaN
118.21535,3.91871e-17,NaN
118.2379,3.96135e-17,NaN
118.26045,3.96187e-17,NaN
118.28302,3.97825e-17,NaN
118.30559,3.97084e-17,NaN
118.32817,3.96018e-17,NaN
118.35076,3.95004e-17,NaN
118.37336,3.93496e-17,NaN
118.39597,3.92495e-17,NaN
118.41859,3.88647e-17,NaN
118.44121,3.85644e-17,NaN
118.46384,3.82485e-17,NaN
118.48649,3.80405e-17,NaN
118.50914,3.78156e-17,NaN
118.5318,3.75959e-17,NaN
118.55446,3.72137e-17,NaN
118.57714,3.69017e-17,NaN
118.59983,3.68445e-17,NaN
118.62252,3.64961e-17,NaN
118.64522,3.64675e-17,NaN
118.66794,3.63077e-17,NaN
118.69066,3.62557e-17,NaN
118.71338,3.61868e-17,NaN
118.73612,3.61517e-17,NaN
118.75887,3.60516e-17,NaN
118.78162,3.58878e-17,NaN
118.80439,3.59216e-17,NaN
118.82716,3.58306e-17,NaN
118.84994,3.58618e-17,NaN
118.87273,3.60646e-17,NaN
118.89553,3.60828e-17,NaN
118.91834,3.63466e-17,NaN
118.94115,3.64285e-17,NaN
118.96398,3.67288e-17,NaN
118.98681,3.68133e-17,NaN
119.00966,3.68887e-17,NaN
119.03251,3.67457e-17,NaN
119.05537,3.6461e-17,NaN
119.07824,3.61803e-17,NaN
119.10111,3.59359e-17,NaN
119.124,3.57552e-17,NaN
119.1469,3.5529e-17,NaN
119.1698,3.536e-17,NaN
119.19271,3.52885e-17,NaN
119.21563,3.53483e-17,NaN
119.23856,3.52625e-17,NaN
119.2615,3.52118e-17,NaN
119.28445,3.51169e-17,NaN
119.30741,3.49336e-17,NaN
119.33037,3.50506e-17,NaN
119.35335,3.49973e-17,NaN
119.37633,3.49206e-17,NaN
119.39932,3.47646e-17,NaN
119.42233,3.45111e-17,NaN
119.44534,3.42238e-17,NaN
119.46836,3.37896e-17,NaN
119.49138,3.33294e-17,NaN
119.51442,3.31968e-17,NaN
119.53747,3.28055e-17,NaN
119.56052,3.27431e-17,NaN
119.58358,3.2253e-17,NaN
119.60666,3.20424e-17,NaN
119.62974,3.18617e-17,NaN
119.65283,3.15835e-17,NaN
119.67593,3.13027e-17,NaN
119.69903,3.11142e-17,NaN
119.72215,3.08503e-17,NaN
119.74528,3.06774e-17,NaN
119.76841,3.0407e-17,NaN
119.79155,3.02419e-17,NaN
119.81471,2.98311e-17,NaN
119.83787,2.94359e-17,NaN
119.86104,2.91031e-17,NaN
119.88422,2.88067e-17,NaN
119.90741,2.84622e-17,NaN
119.9306,2.83179e-17,NaN
119.95381,2.79721e-17,NaN
119.97703,2.77095e-17,NaN
120.00025,2.74144e-17,NaN
120.02348,2.72545e-17,NaN
120.04673,2.72103e-17,NaN
120.06998,2.70127e-17,NaN
120.09324,2.70244e-17,NaN
120.11651,2.67514e-17,NaN
120.13979,2.65395e-17,NaN
120.16307,2.63237e-17,NaN
120.18637,2.60832e-17,NaN
120.20968,2.574e-17,NaN
120.23299,2.5363e-17,NaN
120.25631,2.50029e-17,NaN
120.27965,2.47494e-17,NaN
120.30299,2.44244e-17,NaN
120.32634,2.41683e-17,NaN
120.3497,2.37198e-17,NaN
120.37307,2.33714e-17,NaN
120.39644,2.31791e-17,NaN
120.41983,2.29659e-17,NaN
120.44323,2.27943e-17,NaN
120.46663,2.24108e-17,NaN
120.49005,2.19389e-17,NaN
120.51347,2.16217e-17,NaN
120.5369,2.13877e-17,NaN
120.56035,2.11212e-17,NaN
120.5838,2.09158e-17,NaN
120.60726,2.06363e-17,NaN
120.63072,2.04569e-17,NaN
120.6542,2.02164e-17,NaN
120.67769,2.0076e-17,NaN
120.70119,1.99889e-17,NaN
120.72469,1.98056e-17,NaN
120.74821,1.98173e-17,NaN
120.77173,1.97081e-17,NaN
120.79526,1.95092e-17,NaN
120.81881,1.93857e-17,NaN
120.84236,1.9218e-17,NaN
120.86592,1.89489e-17,NaN
120.88949,1.87123e-17,NaN
120.91307,1.83522e-17,NaN
120.93666,1.83262e-17,NaN
120.96025,1.83691e-17,NaN
120.98386,1.83158e-17,NaN
121.00748,1.8074e-17,NaN
121.0311,1.79804e-17,NaN
121.05473,1.79609e-17,NaN
121.07838,1.78036e-17,NaN
121.10203,1.77828e-17,NaN
121.12569,1.76203e-17,NaN
121.14936,1.76424e-17,NaN
121.17304,1.74604e-17,NaN
121.19673,1.75176e-17,NaN
121.22043,1.74903e-17,NaN
121.24414,1.7502e-17,NaN
121.26786,1.74383e-17,NaN
121.29159,1.72498e-17,NaN
121.31532,1.72017e-17,NaN
121.33907,1.7203e-17,NaN
121.36282,1.72979e-17,NaN
121.38659,1.72628e-17,NaN
121.41036,1.72875e-17,NaN
121.43414,1.73655e-17,NaN
121.45793,1.73161e-17,NaN
121.48174,1.74396e-17,NaN
121.50555,1.74227e-17,NaN
121.52937,1.73525e-17,NaN
121.5532,1.73889e-17,NaN
121.57703,1.73941e-17,NaN
121.60088,1.75059e-17,NaN
121.62474,1.75566e-17,NaN
121.64861,1.76567e-17,NaN
121.67248,1.78907e-17,NaN
121.69637,1.8126e-17,NaN
121.72026,1.82729e-17,NaN
121.74417,1.84952e-17,NaN
121.76808,1.86967e-17,NaN
121.792,1.88462e-17,NaN
121.81594,1.87747e-17,NaN
121.83988,1.86811e-17,NaN
121.86383,1.87097e-17,NaN
121.88779,1.88735e-17,NaN
121.91176,1.90802e-17,NaN
121.93574,1.92245e-17,NaN
121.95973,1.95612e-17,NaN
121.98373,1.97536e-17,NaN
122.00773,1.99343e-17,NaN
122.03175,2.0323e-17,NaN
122.05578,2.05232e-17,NaN
122.07981,2.07689e-17,NaN
122.10386,2.10835e-17,NaN
122.12791,2.12915e-17,NaN
122.15198,2.17049e-17,NaN
122.17605,2.2078e-17,NaN
122.20014,2.24498e-17,NaN
122.22423,2.26383e-17,NaN
122.24833,2.27605e-17,NaN
122.27244,2.27839e-17,NaN
122.29657,2.29191e-17,NaN
122.3207,2.28762e-17,NaN
122.34484,2.31843e-17,NaN
122.36899,2.34767e-17,NaN
122.39315,2.38784e-17,NaN
122.41732,2.42333e-17,NaN
122.4415,2.48157e-17,NaN
122.46568,2.54228e-17,NaN
122.48988,2.60091e-17,NaN
122.51409,2.63237e-17,NaN
122.53831,2.66812e-17,NaN
122.56253,2.70088e-17,NaN
122.58677,2.72883e-17,NaN
122.61102,2.76198e-17,NaN
122.63527,2.78733e-17,NaN
122.65954,2.83075e-17,NaN
122.68381,2.87859e-17,NaN
122.70809,2.95282e-17,NaN
122.73239,3.03316e-17,NaN
122.75669,3.12988e-17,NaN
122.78101,3.18513e-17,NaN
122.80533,3.22569e-17,NaN
122.82966,3.27678e-17,NaN
122.854,3.32449e-17,NaN
122.87835,3.39131e-17,NaN
122.90272,3.43421e-17,NaN
122.92709,3.47711e-17,NaN
122.95147,3.56174e-17,NaN
122.97586,3.65481e-17,NaN
123.00026,3.75153e-17,NaN
123.02467,3.79742e-17,NaN
123.04909,3.82888e-17,NaN
123.07351,3.8268e-17,NaN
123.09795,3.83954e-17,NaN
123.1224,3.92469e-17,NaN
123.14686,4.00308e-17,NaN
123.17133,4.11267e-17,NaN
123.19581,4.18456e-17,NaN
123.22029,4.2285e-17,NaN
123.24479,4.27491e-17,NaN
123.2693,4.31664e-17,NaN
123.29381,4.35668e-17,NaN
123.31834,4.4274e-17,NaN
123.34288,4.44989e-17,NaN
123.36742,4.51463e-17,NaN
123.39198,4.57378e-17,NaN
123.41654,4.67193e-17,NaN
123.44112,4.75474e-17,NaN
123.4657,4.81493e-17,NaN
123.4903,4.94141e-17,NaN
123.5149,5.0887e-17,NaN
123.53952,5.19543e-17,NaN
123.56414,5.24834e-17,NaN
123.58877,5.28266e-17,NaN
123.61342,5.3331e-17,NaN
123.63807,5.35299e-17,NaN
123.66274,5.38107e-17,NaN
123.68741,5.43944e-17,NaN
123.71209,5.52355e-17,NaN
123.73679,5.6269e-17,NaN
123.76149,5.6698e-17,NaN
123.7862,5.67591e-17,NaN
123.81092,5.67383e-17,NaN
123.83566,5.75313e-17,NaN
123.8604,5.9012e-17,NaN
123.88515,6.04602e-17,NaN
123.90991,6.15587e-17,NaN
123.93469,6.2375e-17,NaN
123.95947,6.28482e-17,NaN
123.98426,6.31368e-17,NaN
124.00906,6.32902e-17,NaN
124.03387,6.32668e-17,NaN
124.05869,6.309e-17,NaN
124.08353,6.39493e-17,NaN
124.10837,6.49217e-17,NaN
124.13322,6.58889e-17,NaN
124.15808,6.65441e-17,NaN
124.18295,6.70186e-17,NaN
124.20783,6.79234e-17,NaN
124.23272,6.84499e-17,NaN
124.25763,6.8264e-17,NaN
124.28254,6.85838e-17,NaN
124.30746,6.88464e-17,NaN
124.33239,6.88711e-17,NaN
124.35733,6.94015e-17,NaN
124.38228,6.94327e-17,NaN
124.40724,6.8719e-17,NaN
124.43221,6.80378e-17,NaN
124.4572,6.7679e-17,NaN
124.48219,6.71889e-17,NaN
124.50719,6.71408e-17,NaN
124.5322,6.62217e-17,NaN
124.55722,6.57329e-17,NaN
124.58225,6.61255e-17,NaN
124.6073,6.73098e-17,NaN
124.63235,6.92858e-17,NaN
124.65741,7.11929e-17,NaN
124.68248,7.3867e-17,NaN
124.70756,7.63746e-17,NaN
124.73265,7.74172e-17,NaN
124.75776,7.72781e-17,NaN
124.78287,7.56557e-17,NaN
124.80799,7.25423e-17,NaN
124.83312,7.00814e-17,NaN
124.85827,6.87242e-17,NaN
124.88342,6.91285e-17,NaN
124.90858,7.08042e-17,NaN
124.93376,7.25241e-17,NaN
124.95894,7.31676e-17,NaN
124.98413,7.30636e-17,NaN
125.00934,7.24188e-17,NaN
125.03455,7.22914e-17,NaN
125.05977,7.26918e-17,NaN
125.08501,7.38891e-17,NaN
125.11025,7.4894e-17,NaN
125.13551,7.42089e-17,NaN
125.16077,7.41205e-17,NaN
125.18604,7.37851e-17,NaN
125.21133,7.09836e-17,NaN
125.23663,6.61333e-17,NaN
125.26193,6.12103e-17,NaN
125.28725,5.6607e-17,NaN
125.31257,5.27577e-17,NaN
125.33791,4.96793e-17,NaN
125.36325,4.82494e-17,NaN
125.38861,4.97456e-17,NaN
125.41398,5.26745e-17,NaN
125.43936,5.40447e-17,NaN
125.46474,5.24847e-17,NaN
125.49014,5.10729e-17,NaN
125.51555,4.97534e-17,NaN
125.54097,4.89436e-17,NaN
125.5664,4.79608e-17,NaN
125.59183,4.79348e-17,NaN
125.61728,4.8733e-17,NaN
125.64274,4.99549e-17,NaN
125.66821,5.08571e-17,NaN
125.69369,5.05217e-17,NaN
125.71918,4.95519e-17,NaN
125.74468,4.88435e-17,NaN
125.7702,4.72783e-17,NaN
125.79572,4.44105e-17,NaN
125.82125,4.17585e-17,NaN
125.84679,3.95316e-17,NaN
125.87234,3.88257e-17,NaN
125.89791,3.8489e-17,NaN
125.92348,3.89427e-17,NaN
125.94906,3.85007e-17,NaN
125.97466,3.75946e-17,NaN
126.00026,3.70044e-17,NaN
126.02588,3.66443e-17,NaN
126.0515,3.61972e-17,NaN
126.07714,3.55342e-17,NaN
126.10279,3.4905e-17,NaN
126.12844,3.4021e-17,NaN
126.15411,3.34113e-17,NaN
126.17979,3.26352e-17,NaN
126.20548,3.15159e-17,NaN
126.23117,2.99533e-17,NaN
126.25688,2.85753e-17,NaN
126.2826,2.75132e-17,NaN
126.30833,2.68086e-17,NaN
126.33407,2.6585e-17,NaN
126.35982,2.66916e-17,NaN
126.38559,2.70985e-17,NaN
126.41136,2.83244e-17,NaN
126.43714,2.97609e-17,NaN
126.46293,3.07073e-17,NaN
126.48874,3.1213e-17,NaN
126.51455,3.11363e-17,NaN
126.54037,3.04681e-17,NaN
126.56621,2.94658e-17,NaN
126.59206,2.92071e-17,NaN
126.61791,2.9809e-17,NaN
126.64378,3.11142e-17,NaN
126.66966,3.2669e-17,NaN
126.69554,3.39209e-17,NaN
126.72144,3.37818e-17,NaN
126.74735,3.36479e-17,NaN
126.77327,3.3904e-17,NaN
126.7992,3.31773e-17,NaN
126.82514,3.10362e-17,NaN
126.85109,2.87872e-17,NaN
126.87706,2.76406e-17,NaN
126.90303,2.72298e-17,NaN
126.92901,2.75366e-17,NaN
126.95501,2.82581e-17,NaN
126.98101,2.83517e-17,NaN
127.00703,2.74534e-17,NaN
127.03305,2.67332e-17,NaN
127.05909,2.61027e-17,NaN
127.08514,2.55177e-17,NaN
127.11119,2.51706e-17,NaN
127.13726,2.48339e-17,NaN
127.16334,2.48066e-17,NaN
127.18943,2.5012e-17,NaN
127.21553,2.54215e-17,NaN
127.24165,2.62249e-17,NaN
127.26777,2.64368e-17,NaN
127.2939,2.59311e-17,NaN
127.32004,2.54631e-17,NaN
127.3462,2.48248e-17,NaN
127.37236,2.48469e-17,NaN
127.39854,2.50354e-17,NaN
127.42473,2.55125e-17,NaN
127.45092,2.66994e-17,NaN
127.47713,2.81203e-17,NaN
127.50335,2.94151e-17,NaN
127.52958,3.01782e-17,NaN
127.55582,3.02991e-17,NaN
127.58207,3.04356e-17,NaN
127.60834,3.12156e-17,NaN
127.63461,3.23167e-17,NaN
127.66089,3.41731e-17,NaN
127.68719,3.64181e-17,NaN
127.71349,3.89609e-17,NaN
127.73981,4.10968e-17,NaN
127.76614,4.13542e-17,NaN
127.79247,4.03675e-17,NaN
127.81882,3.94237e-17,NaN
127.84518,3.90857e-17,NaN
127.87155,3.83785e-17,NaN
127.89794,3.66235e-17,NaN
127.92433,3.44305e-17,NaN
127.95073,3.2955e-17,NaN
127.97715,3.23349e-17,NaN
128.00357,3.24233e-17,NaN
128.03001,3.24259e-17,NaN
128.05645,3.22101e-17,NaN
128.08291,3.2214e-17,NaN
128.10938,3.24493e-17,NaN
128.13586,3.16472e-17,NaN
128.16235,3.01496e-17,NaN
128.18885,2.8457e-17,NaN
128.21537,2.64407e-17,NaN
128.24189,2.43932e-17,NaN
128.26842,2.2533e-17,NaN
128.29497,2.12655e-17,NaN
128.32153,1.9803e-17,NaN
128.34809,1.8334e-17,NaN
128.37467,1.67168e-17,NaN
128.40126,1.57782e-17,NaN
128.42786,1.53466e-17,NaN
128.45447,1.51243e-17,NaN
128.4811,1.52127e-17,NaN
128.50773,1.51997e-17,NaN
128.53438,1.5045e-17,NaN
128.56103,1.48461e-17,NaN
128.5877,1.47772e-17,NaN
128.61438,1.46732e-17,NaN
128.64107,1.45523e-17,NaN
128.66777,1.42897e-17,NaN
128.69448,1.43352e-17,NaN
128.7212,1.47512e-17,NaN
128.74793,1.51035e-17,NaN
128.77468,1.57535e-17,NaN
128.80143,1.59693e-17,NaN
128.8282,1.57158e-17,NaN
128.85498,1.51789e-17,NaN
128.88177,1.45692e-17,NaN
128.90857,1.4278e-17,NaN
128.93538,1.41636e-17,NaN
128.9622,1.38386e-17,NaN
128.98903,1.35357e-17,NaN
129.01588,1.3355e-17,NaN
129.04273,1.32939e-17,NaN
129.0696,1.36345e-17,NaN
129.09648,1.39335e-17,NaN
129.12337,1.35851e-17,NaN
129.15027,1.34135e-17,NaN
129.17718,1.32198e-17,NaN
129.2041,1.27817e-17,NaN
129.23104,1.23501e-17,NaN
129.25798,1.18223e-17,NaN
129.28494,1.1639e-17,NaN
129.31191,1.17547e-17,NaN
129.33889,1.1808e-17,NaN
129.36588,1.17118e-17,NaN
129.39288,1.15233e-17,NaN
129.41989,1.14466e-17,NaN
129.44692,1.12789e-17,NaN
129.47395,1.10566e-17,NaN
129.501,1.07147e-17,NaN
129.52806,1.06458e-17,NaN
129.55513,1.07121e-17,NaN
129.58221,1.09097e-17,NaN
129.6093,1.08642e-17,NaN
129.63641,1.10176e-17,NaN
129.66352,1.10423e-17,NaN
129.69065,1.11645e-17,NaN
129.71779,1.10657e-17,NaN
129.74493,1.10644e-17,NaN
129.77209,1.15376e-17,NaN
129.79927,1.20329e-17,NaN
129.82645,1.22097e-17,NaN
129.85364,1.23228e-17,NaN
129.88085,1.24489e-17,NaN
129.90807,1.24359e-17,NaN
129.9353,1.2289e-17,NaN
129.96254,1.15571e-17,NaN
129.98979,1.07147e-17,NaN
130.01705,1.02468e-17,NaN
130.04432,1.00193e-17,NaN
130.07161,1.02169e-17,NaN
130.09891,1.05236e-17,NaN
130.12622,1.08551e-17,NaN
130.15354,1.10891e-17,NaN
130.18087,1.13647e-17,NaN
130.20821,1.1808e-17,NaN
130.23557,1.19185e-17,NaN
130.26293,1.19458e-17,NaN
130.29031,1.19731e-17,NaN
130.3177,1.17781e-17,NaN
130.3451,1.13556e-17,NaN
130.37251,1.12204e-17,NaN
130.39994,1.11307e-17,NaN
130.42737,1.10904e-17,NaN
130.45482,1.08668e-17,NaN
130.48228,1.08395e-17,NaN
130.50975,1.08525e-17,NaN
130.53723,1.08694e-17,NaN
130.56472,1.07992e-17,NaN
130.59223,1.07992e-17,NaN
130.61974,1.08824e-17,NaN
130.64727,1.11515e-17,NaN
130.67481,1.12724e-17,NaN
130.70236,1.10839e-17,NaN
130.72992,1.095e-17,NaN
130.7575,1.09513e-17,NaN
130.78508,1.0924e-17,NaN
130.81268,1.07563e-17,NaN
130.84029,1.07771e-17,NaN
130.86791,1.10397e-17,NaN
130.89554,1.1054e-17,NaN
130.92319,1.13595e-17,NaN
130.95084,1.15207e-17,NaN
130.97851,1.15935e-17,NaN
131.00619,1.17378e-17,NaN
131.03388,1.16208e-17,NaN
131.06158,1.12958e-17,NaN
131.0893,1.08109e-17,NaN
131.11703,1.05418e-17,NaN
131.14476,1.06536e-17,NaN
131.17251,1.10137e-17,NaN
131.20027,1.16741e-17,NaN
131.22805,1.26166e-17,NaN
131.25583,1.30872e-17,NaN
131.28363,1.36826e-17,NaN
131.31144,1.43521e-17,NaN
131.33926,1.44223e-17,NaN
131.36709,1.41766e-17,NaN
131.39493,1.42533e-17,NaN
131.42279,1.38659e-17,NaN
131.45066,1.34356e-17,NaN
131.47854,1.3511e-17,NaN
131.50643,1.37619e-17,NaN
131.53433,1.37762e-17,NaN
131.56224,1.37281e-17,NaN
131.59017,1.35877e-17,NaN
131.61811,1.35305e-17,NaN
131.64606,1.34993e-17,NaN
131.67402,1.29676e-17,NaN
131.702,1.22526e-17,NaN
131.72998,1.16156e-17,NaN
131.75798,1.14115e-17,NaN
131.78599,1.13244e-17,NaN
131.81401,1.13205e-17,NaN
131.84204,1.11606e-17,NaN
131.87009,1.09214e-17,NaN
131.89815,1.08356e-17,NaN
131.92622,1.0625e-17,NaN
131.9543,1.056e-17,NaN
131.98239,1.05951e-17,NaN
132.0105,1.07602e-17,NaN
132.03861,1.10527e-17,NaN
132.06674,1.11333e-17,NaN
132.09488,1.11346e-17,NaN
132.12304,1.11034e-17,NaN
132.1512,1.09006e-17,NaN
132.17938,1.08954e-17,NaN
132.20757,1.08369e-17,NaN
132.23577,1.07511e-17,NaN
132.26398,1.08083e-17,NaN
132.29221,1.08941e-17,NaN
132.32045,1.10592e-17,NaN
132.3487,1.1249e-17,NaN
132.37696,1.12165e-17,NaN
132.40523,1.1392e-17,NaN
132.43352,1.16026e-17,NaN
132.46182,1.20381e-17,NaN
132.49012,1.24775e-17,NaN
132.51845,1.24073e-17,NaN
132.54678,1.21512e-17,NaN
132.57513,1.20095e-17,NaN
132.60349,1.21044e-17,NaN
132.63186,1.24333e-17,NaN
132.66024,1.27128e-17,NaN
132.68863,1.27024e-17,NaN
132.71704,1.27765e-17,NaN
132.74546,1.30001e-17,NaN
132.77389,1.30612e-17,NaN
132.80233,1.31899e-17,NaN
132.83079,1.31886e-17,NaN
132.85926,1.31847e-17,NaN
132.88774,1.33979e-17,NaN
132.91623,1.36514e-17,NaN
132.94473,1.36241e-17,NaN
132.97325,1.33888e-17,NaN
133.00178,1.3043e-17,NaN
133.03032,1.25763e-17,NaN
133.05887,1.23956e-17,NaN
133.08744,1.22929e-17,NaN
133.11602,1.2315e-17,NaN
133.14461,1.22968e-17,NaN
133.17321,1.23852e-17,NaN
133.20183,1.23605e-17,NaN
133.23045,1.23436e-17,NaN
133.25909,1.25243e-17,NaN
133.28774,1.26725e-17,NaN
133.31641,1.28272e-17,NaN
133.34508,1.29624e-17,NaN
133.37377,1.31106e-17,NaN
133.40247,1.30833e-17,NaN
133.43119,1.34057e-17,NaN
133.45991,1.3979e-17,NaN
133.48865,1.45367e-17,NaN
133.5174,1.46602e-17,NaN
133.54616,1.49098e-17,NaN
133.57494,1.54389e-17,NaN
133.60373,1.63554e-17,NaN
133.63253,1.72758e-17,NaN
133.66134,1.75865e-17,NaN
133.69016,1.7073e-17,NaN
133.719,1.67922e-17,NaN
133.74785,1.70626e-17,NaN
133.77671,1.75033e-17,NaN
133.80559,1.81897e-17,NaN
133.83448,1.86603e-17,NaN
133.86338,1.92024e-17,NaN
133.89229,2.04322e-17,NaN
133.92121,2.16295e-17,NaN
133.95015,2.18492e-17,NaN
133.9791,2.16984e-17,NaN
134.00806,2.13188e-17,NaN
134.03704,2.02671e-17,NaN
134.06602,1.99889e-17,NaN
134.09502,2.02762e-17,NaN
134.12404,2.06012e-17,NaN
134.15306,2.06467e-17,NaN
134.1821,2.02905e-17,NaN
134.21115,2.0245e-17,NaN
134.24021,2.06714e-17,NaN
134.26929,2.1584e-17,NaN
134.29837,2.2897e-17,NaN
134.32747,2.44075e-17,NaN
134.35659,2.60832e-17,NaN
134.38571,2.79942e-17,NaN
134.41485,3.00391e-17,NaN
134.444,3.23297e-17,NaN
134.47317,3.45384e-17,NaN
134.50234,3.64532e-17,NaN
134.53153,3.83317e-17,NaN
134.56073,4.05105e-17,NaN
134.58995,4.31274e-17,NaN
134.61917,4.60225e-17,NaN
134.64841,4.94934e-17,NaN
134.67767,5.34701e-17,NaN
134.70693,5.71218e-17,NaN
134.73621,6.04693e-17,NaN
134.7655,6.22763e-17,NaN
134.7948,6.33253e-17,NaN
134.82412,6.31277e-17,NaN
134.85345,6.17953e-17,NaN
134.88279,5.96724e-17,NaN
134.91214,5.73792e-17,NaN
134.94151,5.55956e-17,NaN
134.97089,5.47714e-17,NaN
135.00028,5.39056e-17,NaN
135.02969,5.37548e-17,NaN
135.05911,5.44789e-17,NaN
135.08854,5.49703e-17,NaN
135.11798,5.30255e-17,NaN
135.14744,4.96741e-17,NaN
135.17691,4.64268e-17,NaN
135.20639,4.3403e-17,NaN
135.23588,4.11046e-17,NaN
135.26539,3.93691e-17,NaN
135.29491,3.77558e-17,NaN
135.32445,3.55264e-17,NaN
135.35399,3.22543e-17,NaN
135.38355,2.87937e-17,NaN
135.41313,2.72545e-17,NaN
135.44271,2.65902e-17,NaN
135.47231,2.55931e-17,NaN
135.50192,2.43087e-17,NaN
135.53155,2.28372e-17,NaN
135.56118,2.15918e-17,NaN
135.59083,2.09496e-17,NaN
135.6205,1.99395e-17,NaN
135.65017,1.87318e-17,NaN
135.67986,1.74188e-17,NaN
135.70957,1.65686e-17,NaN
135.73928,1.62371e-17,NaN
135.76901,1.62982e-17,NaN
135.79875,1.70457e-17,NaN
135.8285,1.75137e-17,NaN
135.85827,1.6761e-17,NaN
135.88805,1.56287e-17,NaN
135.91785,1.50957e-17,NaN
135.94765,1.47525e-17,NaN
135.97747,1.4434e-17,NaN
136.0073,1.40206e-17,NaN
136.03715,1.34928e-17,NaN
136.06701,1.31522e-17,NaN
136.09688,1.28584e-17,NaN
136.12677,1.28012e-17,NaN
136.15666,1.2887e-17,NaN
136.18658,1.3394e-17,NaN
136.2165,1.45211e-17,NaN
136.24644,1.62046e-17,NaN
136.27639,1.71978e-17,NaN
136.30635,1.61513e-17,NaN
136.33633,1.40544e-17,NaN
136.36632,1.23995e-17,NaN
136.39632,1.11476e-17,NaN
136.42634,1.05873e-17,NaN
136.45637,1.01935e-17,NaN
136.48641,9.92955e-18,NaN
136.51647,9.80735e-18,NaN
136.54654,9.55126e-18,NaN
136.57662,9.28346e-18,NaN
136.60672,9.22626e-18,NaN
136.63683,9.24966e-18,NaN
136.66695,9.24056e-18,NaN
136.69709,9.29776e-18,NaN
136.72724,9.08196e-18,NaN
136.7574,8.88306e-18,NaN
136.78758,9.01306e-18,NaN
136.81777,9.01826e-18,NaN
136.84797,9.01956e-18,NaN
136.87818,8.98056e-18,NaN
136.90841,9.02086e-18,NaN
136.93866,9.28346e-18,NaN
136.96891,9.69815e-18,NaN
136.99918,1.01558e-17,NaN
137.02946,1.07628e-17,NaN
137.05976,1.13036e-17,NaN
137.09007,1.11866e-17,NaN
137.12039,1.05379e-17,NaN
137.15073,9.97505e-18,NaN
137.18108,9.37186e-18,NaN
137.21144,8.71016e-18,NaN
137.24182,8.49566e-18,NaN
137.27221,8.29417e-18,NaN
137.30261,8.26687e-18,NaN
137.33303,8.24347e-18,NaN
137.36346,8.05627e-18,NaN
137.3939,8.04717e-18,NaN
137.42436,8.33577e-18,NaN
137.45483,8.76476e-18,NaN
137.48532,9.62146e-18,NaN
137.51582,9.89575e-18,NaN
137.54633,8.42286e-18,NaN
137.57685,7.12547e-18,NaN
137.60739,6.54568e-18,NaN
137.63794,6.27788e-18,NaN
137.66851,6.06988e-18,NaN
137.69909,5.83588e-18,NaN
137.72968,5.81638e-18,NaN
137.76029,5.74099e-18,NaN
137.79091,5.76049e-18,NaN
137.82154,5.82418e-18,NaN
137.85219,5.96458e-18,NaN
137.88285,6.15828e-18,NaN
137.91352,6.32468e-18,NaN
137.94421,6.26748e-18,NaN
137.97492,5.88918e-18,NaN
138.00563,5.81638e-18,NaN
138.03636,5.84368e-18,NaN
138.0671,5.96328e-18,NaN
138.09786,5.93078e-18,NaN
138.12863,6.07378e-18,NaN
138.15941,6.24668e-18,NaN
138.19021,6.54828e-18,NaN
138.22102,7.06568e-18,NaN
138.25185,8.15507e-18,NaN
138.28269,9.03646e-18,NaN
138.31354,9.13916e-18,NaN
138.34441,8.40076e-18,NaN
138.37529,7.62077e-18,NaN
138.40618,7.33477e-18,NaN
138.43709,7.01368e-18,NaN
138.46801,6.64448e-18,NaN
138.49895,6.32468e-18,NaN
138.5299,6.24278e-18,NaN
138.56086,6.35588e-18,NaN
138.59184,6.83428e-18,NaN
138.62283,7.36337e-18,NaN
138.65383,8.24087e-18,NaN
138.68485,9.47846e-18,NaN
138.71589,1.13569e-17,NaN
138.74693,1.26959e-17,NaN
138.77799,1.21954e-17,NaN
138.80907,9.59806e-18,NaN
138.84016,7.48947e-18,NaN
138.87126,6.38708e-18,NaN
138.90237,5.94508e-18,NaN
138.9335,5.71499e-18,NaN
138.96465,5.67079e-18,NaN
138.99581,5.66559e-18,NaN
139.02698,5.70199e-18,NaN
139.05816,5.70459e-18,NaN
139.08936,5.69679e-18,NaN
139.12058,5.68509e-18,NaN
139.15181,5.70589e-18,NaN
139.18305,5.84368e-18,NaN
139.2143,5.83458e-18,NaN
139.24557,5.93078e-18,NaN
139.27686,5.87098e-18,NaN
139.30816,5.82418e-18,NaN
139.33947,5.85278e-18,NaN
139.37079,6.09198e-18,NaN
139.40214,6.26488e-18,NaN
139.43349,6.72118e-18,NaN
139.46486,7.23467e-18,NaN
139.49624,7.63247e-18,NaN
139.52764,8.08747e-18,NaN
139.55905,8.67636e-18,NaN
139.59047,9.38486e-18,NaN
139.62191,9.65526e-18,NaN
139.65337,9.39526e-18,NaN
139.68483,8.46836e-18,NaN
139.71632,7.42187e-18,NaN
139.74781,6.67568e-18,NaN
139.77932,6.12708e-18,NaN
139.81085,5.76049e-18,NaN
139.84239,5.78648e-18,NaN
139.87394,5.77349e-18,NaN
139.90551,5.66689e-18,NaN
139.93709,5.55899e-18,NaN
139.96868,5.43939e-18,NaN
140.00029,5.21839e-18,NaN
140.03192,5.19889e-18,NaN
140.06356,5.17419e-18,NaN
140.09521,5.26129e-18,NaN
140.12687,5.27949e-18,NaN
140.15856,5.37829e-18,NaN
140.19025,5.36139e-18,NaN
140.22196,5.37439e-18,NaN
140.25369,5.48879e-18,NaN
140.28543,5.43549e-18,NaN
140.31718,5.41729e-18,NaN
140.34895,5.45109e-18,NaN
140.38073,5.44589e-18,NaN
140.41252,5.50309e-18,NaN
140.44434,5.51739e-18,NaN
140.47616,5.51739e-18,NaN
140.508,5.49789e-18,NaN
140.53985,5.55119e-18,NaN
140.57172,5.53949e-18,NaN
140.60361,5.62009e-18,NaN
140.6355,5.69809e-18,NaN
140.66741,5.84108e-18,NaN
140.69934,6.07638e-18,NaN
140.73128,6.30908e-18,NaN
140.76324,6.54438e-18,NaN
140.79521,6.81478e-18,NaN
140.82719,6.91228e-18,NaN
140.85919,6.99028e-18,NaN
140.8912,7.21387e-18,NaN
140.92323,7.61297e-18,NaN
140.95527,7.64287e-18,NaN
140.98733,7.26587e-18,NaN
141.0194,6.51578e-18,NaN
141.05149,6.09978e-18,NaN
141.08359,5.79948e-18,NaN
141.11571,5.75529e-18,NaN
141.14784,5.71369e-18,NaN
141.17998,5.64609e-18,NaN
141.21214,5.52389e-18,NaN
141.24431,5.54339e-18,NaN
141.2765,5.46279e-18,NaN
141.30871,5.31719e-18,NaN
141.34092,5.27039e-18,NaN
141.37316,5.31459e-18,NaN
141.4054,5.46929e-18,NaN
141.43767,5.50439e-18,NaN
141.46994,5.59019e-18,NaN
141.50224,5.70979e-18,NaN
141.53454,5.87228e-18,NaN
141.56686,5.75269e-18,NaN
141.5992,5.84108e-18,NaN
141.63155,5.86838e-18,NaN
141.66392,5.93988e-18,NaN
141.6963,6.15308e-18,NaN
141.72869,6.45598e-18,NaN
141.7611,6.62108e-18,NaN
141.79353,6.56778e-18,NaN
141.82597,6.33638e-18,NaN
141.85842,6.34288e-18,NaN
141.89089,6.51838e-18,NaN
141.92337,6.68348e-18,NaN
141.95587,7.02148e-18,NaN
141.98839,7.46997e-18,NaN
142.02092,8.35917e-18,NaN
142.05346,9.45506e-18,NaN
142.08602,1.00388e-17,NaN
142.11859,9.48886e-18,NaN
142.15118,8.73486e-18,NaN
142.18378,8.64776e-18,NaN
142.2164,9.20936e-18,NaN
142.24904,9.52136e-18,NaN
142.28168,9.24056e-18,NaN
142.31435,8.10697e-18,NaN
142.34703,7.05658e-18,NaN
142.37972,6.50538e-18,NaN
142.41243,6.15178e-18,NaN
142.44515,5.95158e-18,NaN
142.47789,6.02568e-18,NaN
142.51064,6.08028e-18,NaN
142.54341,6.06728e-18,NaN
142.57619,6.12058e-18,NaN
142.60899,6.15958e-18,NaN
142.64181,6.14528e-18,NaN
142.67464,6.19078e-18,NaN
142.70748,6.21678e-18,NaN
142.74034,6.11148e-18,NaN
142.77321,6.23888e-18,NaN
142.8061,6.31818e-18,NaN
142.83901,6.38968e-18,NaN
142.87193,6.40138e-18,NaN
142.90486,6.51448e-18,NaN
142.93781,6.54178e-18,NaN
142.97078,6.51318e-18,NaN
143.00376,6.56778e-18,NaN
143.03675,6.71468e-18,NaN
143.06977,6.92398e-18,NaN
143.10279,6.96168e-18,NaN
143.13583,6.96428e-18,NaN
143.16889,7.09427e-18,NaN
143.20196,7.29707e-18,NaN
143.23505,7.61557e-18,NaN
143.26815,7.74167e-18,NaN
143.30127,8.05757e-18,NaN
143.3344,8.58666e-18,NaN
143.36755,9.30686e-18,NaN
143.40072,9.55776e-18,NaN
143.4339,9.29126e-18,NaN
143.46709,8.58016e-18,NaN
143.5003,8.33967e-18,NaN
143.53353,8.35787e-18,NaN
143.56677,8.42806e-18,NaN
143.60002,8.25257e-18,NaN
143.63329,8.09917e-18,NaN
143.66658,7.90677e-18,NaN
143.69988,7.85347e-18,NaN
143.7332,7.81577e-18,NaN
143.76653,7.83657e-18,NaN
143.79988,7.79107e-18,NaN
143.83325,7.81577e-18,NaN
143.86663,7.81057e-18,NaN
143.90002,8.06277e-18,NaN
143.93343,8.14337e-18,NaN
143.96686,8.08617e-18,NaN
144.0003,8.01987e-18,NaN
144.03376,8.13037e-18,NaN
144.06723,8.07577e-18,NaN
144.10072,8.19537e-18,NaN
144.13422,8.26167e-18,NaN
144.16774,8.38386e-18,NaN
144.20128,8.50736e-18,NaN
144.23483,8.60616e-18,NaN
144.2684,8.62826e-18,NaN
144.30198,8.78426e-18,NaN
144.33558,9.22626e-18,NaN
144.36919,9.70595e-18,NaN
144.40282,1.01415e-17,NaN
144.43646,1.00973e-17,NaN
144.47012,9.75405e-18,NaN
144.5038,9.97895e-18,NaN
144.53749,1.03053e-17,NaN
144.5712,1.06419e-17,NaN
144.60492,1.11775e-17,NaN
144.63866,1.25139e-17,NaN
144.67241,1.45159e-17,NaN
144.70618,1.6839e-17,NaN
144.73997,1.67688e-17,NaN
144.77377,1.37749e-17,NaN
144.80759,1.1483e-17,NaN
144.84142,1.06822e-17,NaN
144.87527,1.05249e-17,NaN
144.90914,1.07992e-17,NaN
144.94302,1.09409e-17,NaN
144.97692,1.09071e-17,NaN
145.01083,1.07394e-17,NaN
145.04476,1.06237e-17,NaN
145.0787,1.03325e-17,NaN
145.11266,1.01987e-17,NaN
145.14664,1.02975e-17,NaN
145.18063,1.0031e-17,NaN
145.21464,9.98935e-18,NaN
145.24866,9.85935e-18,NaN
145.2827,9.76185e-18,NaN
145.31676,9.61886e-18,NaN
145.35083,9.57336e-18,NaN
145.38492,9.67345e-18,NaN
145.41902,9.65396e-18,NaN
145.45314,9.86715e-18,NaN
145.48728,1.00258e-17,NaN
145.52143,9.93995e-18,NaN
145.5556,1.01363e-17,NaN
145.58978,1.01688e-17,NaN
145.62398,1.00492e-17,NaN
145.6582,9.91525e-18,NaN
145.69243,9.83335e-18,NaN
145.72668,9.76315e-18,NaN
145.76094,9.86455e-18,NaN
145.79522,9.99715e-18,NaN
145.82952,1.00713e-17,NaN
145.86383,1.02195e-17,NaN
145.89816,1.03728e-17,NaN
145.93251,1.06978e-17,NaN
145.96687,1.0989e-17,NaN
146.00125,1.13426e-17,NaN
146.03564,1.20199e-17,NaN
146.07005,1.2874e-17,NaN
146.10448,1.38659e-17,NaN
146.13892,1.33329e-17,NaN
146.17338,1.21083e-17,NaN
146.20785,1.13166e-17,NaN
146.24234,1.12698e-17,NaN
146.27685,1.15623e-17,NaN
146.31137,1.15896e-17,NaN
146.34591,1.10878e-17,NaN
146.38047,1.0456e-17,NaN
146.41504,1.00609e-17,NaN
146.44963,9.69425e-18,NaN
146.48424,9.54086e-18,NaN
146.51886,9.46936e-18,NaN
146.5535,9.39656e-18,NaN
146.58815,9.16256e-18,NaN
146.62282,9.28996e-18,NaN
146.65751,9.11966e-18,NaN
146.69221,9.04166e-18,NaN
146.72693,9.08196e-18,NaN
146.76167,9.15476e-18,NaN
146.79642,9.05596e-18,NaN
146.83119,9.00916e-18,NaN
146.86598,8.84016e-18,NaN
146.90078,8.72836e-18,NaN
146.9356,8.76086e-18,NaN
146.97043,8.79726e-18,NaN
147.00529,8.60486e-18,NaN
147.04016,8.55676e-18,NaN
147.07504,8.56846e-18,NaN
147.10994,8.49176e-18,NaN
147.14486,8.51516e-18,NaN
147.17979,8.58016e-18,NaN
147.21475,8.60226e-18,NaN
147.24971,8.77516e-18,NaN
147.2847,8.95586e-18,NaN
147.3197,9.14436e-18,NaN
147.35472,9.53436e-18,NaN
147.38975,1.02754e-17,NaN
147.4248,1.173e-17,NaN
147.45987,1.43859e-17,NaN
147.49495,1.70457e-17,NaN
147.53006,1.49761e-17,NaN
147.56517,1.11801e-17,NaN
147.60031,9.63836e-18,NaN
147.63546,9.15606e-18,NaN
147.67063,9.46806e-18,NaN
147.70581,9.83725e-18,NaN
147.74101,9.94255e-18,NaN
147.77623,9.92825e-18,NaN
147.81147,9.57856e-18,NaN
147.84672,9.38746e-18,NaN
147.88199,9.21586e-18,NaN
147.91727,8.98966e-18,NaN
147.95258,8.59966e-18,NaN
147.9879,8.30457e-18,NaN
148.02323,8.06407e-18,NaN
148.05858,7.95617e-18,NaN
148.09395,7.88857e-18,NaN
148.12934,7.89377e-18,NaN
148.16475,7.87557e-18,NaN
148.20017,7.91197e-18,NaN
148.2356,7.91457e-18,NaN
148.27106,7.92237e-18,NaN
148.30653,7.94317e-18,NaN
148.34202,8.17457e-18,NaN
148.37752,8.14857e-18,NaN
148.41305,8.31497e-18,NaN
148.44859,8.26947e-18,NaN
148.48414,8.19667e-18,NaN
148.51972,8.10177e-18,NaN
148.55531,8.30067e-18,NaN
148.59091,8.16027e-18,NaN
148.62654,8.15637e-18,NaN
148.66218,8.19407e-18,NaN
148.69784,8.15117e-18,NaN
148.73352,8.10567e-18,NaN
148.76921,8.16027e-18,NaN
148.80492,8.33187e-18,NaN
148.84065,8.45146e-18,NaN
148.87639,8.53726e-18,NaN
148.91215,8.65426e-18,NaN
148.94793,8.72446e-18,NaN
148.98373,8.71146e-18,NaN
149.01954,8.78946e-18,NaN
149.05537,9.00136e-18,NaN
149.09122,9.66046e-18,NaN
149.12709,1.03871e-17,NaN
149.16297,1.06562e-17,NaN
149.19887,1.03975e-17,NaN
149.23478,9.68255e-18,NaN
149.27072,8.92726e-18,NaN
149.30667,8.45406e-18,NaN
149.34264,8.18497e-18,NaN
149.37863,7.79757e-18,NaN
149.41463,7.59347e-18,NaN
149.45065,7.44007e-18,NaN
149.48669,7.41277e-18,NaN
149.52274,7.32827e-18,NaN
149.55882,7.30097e-18,NaN
149.59491,7.35817e-18,NaN
149.63101,7.40887e-18,NaN
149.66714,7.57007e-18,NaN
149.70328,7.60257e-18,NaN
149.73944,7.53237e-18,NaN
149.77562,7.69097e-18,NaN
149.81182,7.70657e-18,NaN
149.84803,7.85087e-18,NaN
149.88426,7.82097e-18,NaN
149.92051,7.79237e-18,NaN
149.95677,7.82097e-18,NaN
149.99305,7.92107e-18,NaN
150.02935,7.94057e-18,NaN
150.06567,7.77677e-18,NaN
150.10201,7.76507e-18,NaN
150.13836,7.70267e-18,NaN
150.17473,7.69877e-18,NaN
150.21112,7.73257e-18,NaN
150.24753,7.66887e-18,NaN
150.28395,7.74167e-18,NaN
150.32039,7.80277e-18,NaN
150.35685,7.87947e-18,NaN
150.39333,8.04587e-18,NaN
150.42982,8.37217e-18,NaN
150.46633,8.50736e-18,NaN
150.50286,8.76736e-18,NaN
150.53941,8.90386e-18,NaN
150.57598,9.32246e-18,NaN
150.61256,9.89835e-18,NaN
150.64916,1.05171e-17,NaN
150.68578,1.05977e-17,NaN
150.72242,1.01363e-17,NaN
150.75907,9.73585e-18,NaN
150.79574,9.37056e-18,NaN
150.83243,8.77906e-18,NaN
150.86914,8.50866e-18,NaN
150.90587,8.36177e-18,NaN
150.94261,8.29547e-18,NaN
150.97937,8.37606e-18,NaN
151.01615,8.43066e-18,NaN
151.05295,8.61266e-18,NaN
151.08976,8.67506e-18,NaN
151.1266,8.66856e-18,NaN
151.16345,8.89996e-18,NaN
151.20032,8.79336e-18,NaN
151.2372,8.95326e-18,NaN
151.27411,8.98576e-18,NaN
151.31103,9.11576e-18,NaN
151.34797,9.38356e-18,NaN
151.38493,9.53176e-18,NaN
151.42191,9.62276e-18,NaN
151.4589,9.67345e-18,NaN
151.49592,9.47066e-18,NaN
151.53295,9.31986e-18,NaN
151.57,9.08976e-18,NaN
151.60707,8.80376e-18,NaN
151.64415,8.83236e-18,NaN
151.68126,8.75566e-18,NaN
151.71838,8.65166e-18,NaN
151.75552,8.74006e-18,NaN
151.79268,8.79206e-18,NaN
151.82985,9.01306e-18,NaN
151.86705,9.09886e-18,NaN
151.90426,9.29386e-18,NaN
151.94149,9.42126e-18,NaN
151.97874,9.65266e-18,NaN
152.01601,9.82425e-18,NaN
152.0533,1.03871e-17,NaN
152.0906,1.15103e-17,NaN
152.12793,1.25139e-17,NaN
152.16527,1.21915e-17,NaN
152.20263,1.07199e-17,NaN
152.24,9.45116e-18,NaN
152.2774,8.78556e-18,NaN
152.31481,8.58406e-18,NaN
152.35225,8.35527e-18,NaN
152.3897,8.36567e-18,NaN
152.42717,8.45666e-18,NaN
152.46466,8.51126e-18,NaN
152.50216,8.53726e-18,NaN
152.53969,8.55546e-18,NaN
152.57723,8.62956e-18,NaN
152.61479,8.61786e-18,NaN
152.65237,8.60226e-18,NaN
152.68997,8.73876e-18,NaN
152.72759,8.85056e-18,NaN
152.76523,8.93246e-18,NaN
152.80288,9.00786e-18,NaN
152.84056,9.12096e-18,NaN
152.87825,9.21846e-18,NaN
152.91596,9.38356e-18,NaN
152.95369,9.27566e-18,NaN
152.99144,9.22366e-18,NaN
153.0292,9.22236e-18,NaN
153.06699,9.10666e-18,NaN
153.10479,9.05596e-18,NaN
153.14261,8.97796e-18,NaN
153.18045,9.07286e-18,NaN
153.21831,9.13136e-18,NaN
153.25619,9.14176e-18,NaN
153.29409,9.17946e-18,NaN
153.332,9.24186e-18,NaN
153.36994,9.40176e-18,NaN
153.40789,9.55386e-18,NaN
153.44587,9.61366e-18,NaN
153.48386,9.73975e-18,NaN
153.52187,9.74885e-18,NaN
153.55989,9.64096e-18,NaN
153.59794,9.56296e-18,NaN
153.63601,9.55646e-18,NaN
153.67409,9.47716e-18,NaN
153.7122,9.49926e-18,NaN
153.75032,9.14176e-18,NaN
153.78846,9.41996e-18,NaN
153.82662,9.43036e-18,NaN
153.8648,9.47716e-18,NaN
153.903,9.51486e-18,NaN
153.94122,9.56036e-18,NaN
153.97946,9.70335e-18,NaN
154.01771,9.82685e-18,NaN
154.05599,1.01987e-17,NaN
154.09428,1.0317e-17,NaN
154.13259,1.05223e-17,NaN
154.17093,1.0677e-17,NaN
154.20928,1.07017e-17,NaN
154.24765,1.07849e-17,NaN
154.28604,1.09422e-17,NaN
154.32444,1.11528e-17,NaN
154.36287,1.13816e-17,NaN
154.40132,1.17352e-17,NaN
154.43978,1.18509e-17,NaN
154.47827,1.19692e-17,NaN
154.51677,1.1834e-17,NaN
154.5553,1.15324e-17,NaN
154.59384,1.13036e-17,NaN
154.6324,1.10267e-17,NaN
154.67098,1.1015e-17,NaN
154.70958,1.08967e-17,NaN
154.7482,1.08512e-17,NaN
154.78684,1.09383e-17,NaN
154.8255,1.08798e-17,NaN
154.86418,1.10319e-17,NaN
154.90287,1.1106e-17,NaN
154.94159,1.11112e-17,NaN
154.98032,1.1145e-17,NaN
155.01908,1.12815e-17,NaN
155.05785,1.11996e-17,NaN
155.09665,1.10904e-17,NaN
155.13546,1.0898e-17,NaN
155.17429,1.0729e-17,NaN
155.21314,1.0339e-17,NaN
155.25201,1.01623e-17,NaN
155.29091,9.99195e-18,NaN
155.32982,9.92695e-18,NaN
155.36875,9.71895e-18,NaN
155.40769,9.65526e-18,NaN
155.44666,9.77875e-18,NaN
155.48565,9.58246e-18,NaN
155.52466,9.37966e-18,NaN
155.56369,9.23926e-18,NaN
155.60273,9.10536e-18,NaN
155.6418,9.25226e-18,NaN
155.68089,9.20156e-18,NaN
155.71999,9.18466e-18,NaN
155.75912,9.34716e-18,NaN
155.79826,9.41736e-18,NaN
155.83743,9.50316e-18,NaN
155.87661,9.71895e-18,NaN
155.91582,9.70985e-18,NaN
155.95504,9.81255e-18,NaN
155.99429,1.00583e-17,NaN
156.03355,1.00466e-17,NaN
156.07283,1.01467e-17,NaN
156.11214,1.00167e-17,NaN
156.15146,1.01389e-17,NaN
156.1908,1.00466e-17,NaN
156.23017,9.78525e-18,NaN
156.26955,9.85025e-18,NaN
156.30895,9.82815e-18,NaN
156.34837,1.0018e-17,NaN
156.38781,9.98025e-18,NaN
156.42728,1.00622e-17,NaN
156.46676,1.01662e-17,NaN
156.50626,1.03403e-17,NaN
156.54578,1.02689e-17,NaN
156.58532,1.03027e-17,NaN
156.62488,1.02858e-17,NaN
156.66447,1.01428e-17,NaN
156.70407,1.01038e-17,NaN
156.74369,1.00687e-17,NaN
156.78333,9.93865e-18,NaN
156.82299,9.93085e-18,NaN
156.86268,9.75405e-18,NaN
156.90238,9.66826e-18,NaN
156.9421,9.53176e-18,NaN
156.98184,9.54866e-18,NaN
157.0216,9.46806e-18,NaN
157.06139,9.44986e-18,NaN
157.10119,9.29906e-18,NaN
157.14101,9.40176e-18,NaN
157.18086,9.26526e-18,NaN
157.22072,9.16126e-18,NaN
157.2606,9.26396e-18,NaN
157.30051,9.54866e-18,NaN
157.34043,9.75405e-18,NaN
157.38037,9.96595e-18,NaN
157.42034,1.00206e-17,NaN
157.46032,1.01324e-17,NaN
157.50033,1.04183e-17,NaN
157.54035,1.05145e-17,NaN
157.5804,1.07914e-17,NaN
157.62047,1.10137e-17,NaN
157.66055,1.12074e-17,NaN
157.70066,1.08759e-17,NaN
157.74079,1.07719e-17,NaN
157.78094,1.07238e-17,NaN
157.8211,1.0482e-17,NaN
157.86129,1.03988e-17,NaN
157.9015,1.0495e-17,NaN
157.94173,1.06705e-17,NaN
157.98198,1.09084e-17,NaN
158.02225,1.12607e-17,NaN
158.06254,1.14466e-17,NaN
158.10286,1.16013e-17,NaN
158.14319,1.20056e-17,NaN
158.18354,1.20849e-17,NaN
158.22391,1.20485e-17,NaN
158.26431,1.22045e-17,NaN
158.30472,1.22162e-17,NaN
158.34516,1.18431e-17,NaN
158.38561,1.16117e-17,NaN
158.42609,1.12282e-17,NaN
158.46659,1.08889e-17,NaN
158.50711,1.04196e-17,NaN
158.54765,9.86455e-18,NaN
158.58821,9.42386e-18,NaN
158.62879,9.20806e-18,NaN
158.66939,9.08586e-18,NaN
158.71001,8.82716e-18,NaN
158.75065,8.76346e-18,NaN
158.79132,8.72316e-18,NaN
158.832,8.62826e-18,NaN
158.8727,8.45146e-18,NaN
158.91343,8.40986e-18,NaN
158.95418,8.37606e-18,NaN
158.99495,8.41376e-18,NaN
159.03573,8.35787e-18,NaN
159.07654,8.36827e-18,NaN
159.11738,8.19667e-18,NaN
159.15823,8.19147e-18,NaN
159.1991,8.03027e-18,NaN
159.23999,8.18497e-18,NaN
159.28091,8.14987e-18,NaN
159.32184,8.14207e-18,NaN
159.3628,8.11217e-18,NaN
159.40378,8.06927e-18,NaN
159.44478,8.14467e-18,NaN
159.4858,8.19147e-18,NaN
159.52684,8.34617e-18,NaN
159.5679,8.35007e-18,NaN
159.60898,8.40336e-18,NaN
159.65009,8.65036e-18,NaN
159.69121,8.74526e-18,NaN
159.73236,8.74916e-18,NaN
159.77353,8.84666e-18,NaN
159.81472,8.69976e-18,NaN
159.85593,8.80636e-18,NaN
159.89716,8.58796e-18,NaN
159.93841,8.56456e-18,NaN
159.97969,8.48396e-18,NaN
160.02098,8.42156e-18,NaN
160.0623,8.10567e-18,NaN
160.10364,7.91717e-18,NaN
160.145,7.72867e-18,NaN
160.18638,7.43097e-18,NaN
160.22778,7.27237e-18,NaN
160.26921,7.13067e-18,NaN
160.31065,7.07737e-18,NaN
160.35212,6.93568e-18,NaN
160.39361,6.90968e-18,NaN
160.43512,6.80568e-18,NaN
160.47665,6.76928e-18,NaN
160.5182,6.66398e-18,NaN
160.55978,6.70688e-18,NaN
160.60137,6.71468e-18,NaN
160.64299,6.63798e-18,NaN
160.68463,6.70948e-18,NaN
160.72629,6.67308e-18,NaN
160.76797,6.58858e-18,NaN
160.80967,6.62888e-18,NaN
160.8514,6.67828e-18,NaN
160.89315,6.70168e-18,NaN
160.93492,6.68478e-18,NaN
160.97671,6.73418e-18,NaN
161.01852,6.84208e-18,NaN
161.06035,7.02408e-18,NaN
161.10221,7.06308e-18,NaN
161.14408,7.26197e-18,NaN
161.18598,7.54537e-18,NaN
161.22791,7.69617e-18,NaN
161.26985,8.10697e-18,NaN
161.31181,8.41766e-18,NaN
161.3538,8.66856e-18,NaN
161.39581,9.07806e-18,NaN
161.43784,9.30686e-18,NaN
161.47989,9.53956e-18,NaN
161.52196,9.90095e-18,NaN
161.56406,1.01064e-17,NaN
161.60618,1.03079e-17,NaN
161.64832,1.03092e-17,NaN
161.69048,1.03923e-17,NaN
161.73266,1.00934e-17,NaN
161.77487,9.77745e-18,NaN
161.8171,9.35366e-18,NaN
161.85935,8.78556e-18,NaN
161.90162,8.42416e-18,NaN
161.94391,8.02247e-18,NaN
161.98623,7.47907e-18,NaN
162.02857,7.05658e-18,NaN
162.07093,6.95518e-18,NaN
162.11331,6.71208e-18,NaN
162.15571,6.44428e-18,NaN
162.19814,6.48328e-18,NaN
162.24059,6.33638e-18,NaN
162.28306,6.28828e-18,NaN
162.32556,6.18948e-18,NaN
162.36807,6.14788e-18,NaN
162.41061,6.00098e-18,NaN
162.45317,6.03348e-18,NaN
162.49575,6.05298e-18,NaN
162.53836,5.98278e-18,NaN
162.58098,5.97498e-18,NaN
162.62363,5.98148e-18,NaN
162.66631,5.99318e-18,NaN
162.709,6.02828e-18,NaN
162.75172,6.05818e-18,NaN
162.79446,6.04778e-18,NaN
162.83722,6.34808e-18,NaN
162.88,6.38058e-18,NaN
162.92281,6.44688e-18,NaN
162.96564,6.66398e-18,NaN
163.00849,6.84988e-18,NaN
163.05137,7.14237e-18,NaN
163.09426,7.38937e-18,NaN
163.13718,7.58047e-18,NaN
163.18012,7.60257e-18,NaN
163.22309,7.72867e-18,NaN
163.26608,7.63377e-18,NaN
163.30909,7.42837e-18,NaN
163.35212,7.22557e-18,NaN
163.39518,7.02148e-18,NaN
163.43825,6.72638e-18,NaN
163.48135,6.30518e-18,NaN
163.52448,6.09068e-18,NaN
163.56762,5.87618e-18,NaN
163.61079,5.75269e-18,NaN
163.65398,5.55899e-18,NaN
163.6972,5.51739e-18,NaN
163.74044,5.49269e-18,NaN
163.7837,5.40039e-18,NaN
163.82698,5.31849e-18,NaN
163.87029,5.38219e-18,NaN
163.91362,5.24699e-18,NaN
163.95697,5.23919e-18,NaN
164.00034,5.28859e-18,NaN
164.04374,5.35359e-18,NaN
164.08716,5.15339e-18,NaN
164.1306,5.27429e-18,NaN
164.17407,5.18979e-18,NaN
164.21756,5.21709e-18,NaN
164.26107,5.20279e-18,NaN
164.30461,5.25479e-18,NaN
164.34817,5.18589e-18,NaN
164.39175,5.23269e-18,NaN
164.43536,5.24959e-18,NaN
164.47899,5.31069e-18,NaN
164.52264,5.28859e-18,NaN
164.56631,5.41209e-18,NaN
164.61001,5.29379e-18,NaN
164.65373,5.47969e-18,NaN
164.69747,5.62139e-18,NaN
164.74124,5.60319e-18,NaN
164.78503,5.83588e-18,NaN
164.82885,5.94378e-18,NaN
164.87268,5.96328e-18,NaN
164.91655,6.10758e-18,NaN
164.96043,6.16608e-18,NaN
165.00434,6.23498e-18,NaN
165.04827,6.30128e-18,NaN
165.09222,6.32338e-18,NaN
165.1362,6.34938e-18,NaN
165.1802,6.27398e-18,NaN
165.22423,6.35328e-18,NaN
165.26827,6.17388e-18,NaN
165.31235,6.05428e-18,NaN
165.35644,6.05428e-18,NaN
165.40056,5.79428e-18,NaN
165.4447,5.57459e-18,NaN
165.48887,5.54599e-18,NaN
165.53306,5.41469e-18,NaN
165.57727,5.23139e-18,NaN
165.62151,5.11699e-18,NaN
165.66577,5.02729e-18,NaN
165.71005,4.99739e-18,NaN
165.75436,4.98569e-18,NaN
165.79869,4.99869e-18,NaN
165.84304,4.81929e-18,NaN
165.88742,4.76599e-18,NaN
165.93182,4.83619e-18,NaN
165.97625,4.86479e-18,NaN
166.0207,4.91549e-18,NaN
166.06517,4.84139e-18,NaN
166.10967,4.77119e-18,NaN
166.15419,4.73479e-18,NaN
166.19874,4.69189e-18,NaN
166.24331,4.60739e-18,NaN
166.2879,4.72179e-18,NaN
166.33252,4.69059e-18,NaN
166.37716,4.68799e-18,NaN
166.42182,4.71659e-18,NaN
166.46651,4.70229e-18,NaN
166.51123,4.66849e-18,NaN
166.55596,4.73089e-18,NaN
166.60072,4.65939e-18,NaN
166.64551,4.65679e-18,NaN
166.69032,4.67759e-18,NaN
166.73515,4.76079e-18,NaN
166.78001,4.72699e-18,NaN
166.82489,4.67629e-18,NaN
166.8698,4.76079e-18,NaN
166.91473,4.71399e-18,NaN
166.95968,4.81279e-18,NaN
167.00466,4.84659e-18,NaN
167.04966,4.75949e-18,NaN
167.09469,4.77119e-18,NaN
167.13974,4.69839e-18,NaN
167.18482,4.68929e-18,NaN
167.22991,4.69319e-18,NaN
167.27504,4.78159e-18,NaN
167.32019,4.70099e-18,NaN
167.36536,4.69579e-18,NaN
167.41056,4.73349e-18,NaN
167.45578,4.70099e-18,NaN
167.50103,4.71529e-18,NaN
167.5463,4.73739e-18,NaN
167.59159,4.67629e-18,NaN
167.63691,4.69709e-18,NaN
167.68225,4.75429e-18,NaN
167.72762,4.78419e-18,NaN
167.77302,4.81799e-18,NaN
167.81843,4.70229e-18,NaN
167.86388,4.73609e-18,NaN
167.90934,4.61649e-18,NaN
167.95483,4.68409e-18,NaN
168.00035,4.71269e-18,NaN
168.04589,4.67109e-18,NaN
168.09146,4.56059e-18,NaN
168.13705,4.70489e-18,NaN
168.18266,4.62949e-18,NaN
168.2283,4.68929e-18,NaN
168.27397,4.66589e-18,NaN
168.31966,4.68539e-18,NaN
168.36537,4.80239e-18,NaN
168.41111,4.86349e-18,NaN
168.45687,4.82189e-18,NaN
168.50266,4.88559e-18,NaN
168.54848,4.88039e-18,NaN
168.59431,4.80239e-18,NaN
168.64018,4.87779e-18,NaN
168.68607,5.00779e-18,NaN
168.73198,4.89599e-18,NaN
168.77792,4.92459e-18,NaN
168.82388,4.99609e-18,NaN
168.86987,5.04419e-18,NaN
168.91588,5.14169e-18,NaN
168.96192,5.25869e-18,NaN
169.00799,5.24179e-18,NaN
169.05408,5.30679e-18,NaN
169.10019,5.45499e-18,NaN
169.14633,5.47839e-18,NaN
169.19249,5.57199e-18,NaN
169.23868,5.64999e-18,NaN
169.2849,5.62399e-18,NaN
169.33114,5.56419e-18,NaN
169.3774,5.62399e-18,NaN
169.42369,5.55899e-18,NaN
169.47001,5.52519e-18,NaN
169.51635,5.60709e-18,NaN
169.56272,5.55379e-18,NaN
169.60911,5.65129e-18,NaN
169.65553,5.71759e-18,NaN
169.70197,5.51739e-18,NaN
169.74844,5.64609e-18,NaN
169.79493,5.74359e-18,NaN
169.84145,5.66819e-18,NaN
169.888,5.70849e-18,NaN
169.93457,5.68249e-18,NaN
169.98116,5.62919e-18,NaN
170.02778,5.74099e-18,NaN
170.07443,5.73189e-18,NaN
170.1211,5.81508e-18,NaN
170.1678,5.79948e-18,NaN
170.21452,5.86708e-18,NaN
170.26127,5.91778e-18,NaN
170.30805,5.93338e-18,NaN
170.35485,5.91388e-18,NaN
170.40168,6.04388e-18,NaN
170.44853,6.02828e-18,NaN
170.49541,6.03218e-18,NaN
170.54231,6.05818e-18,NaN
170.58924,6.08288e-18,NaN
170.63619,6.11668e-18,NaN
170.68318,6.24928e-18,NaN
170.73018,6.24148e-18,NaN
170.77722,6.26488e-18,NaN
170.82428,6.17908e-18,NaN
170.87136,6.14658e-18,NaN
170.91847,6.18168e-18,NaN
170.96561,6.23498e-18,NaN
171.01277,6.18428e-18,NaN
171.05996,6.27008e-18,NaN
171.10717,6.18298e-18,NaN
171.15442,6.14788e-18,NaN
171.20168,6.15568e-18,NaN
171.24898,6.16478e-18,NaN
171.2963,6.13488e-18,NaN
171.34364,6.18298e-18,NaN
171.39101,6.27008e-18,NaN
171.43841,6.16738e-18,NaN
171.48584,6.20248e-18,NaN
171.53329,6.16218e-18,NaN
171.58076,6.10368e-18,NaN
171.62827,6.16998e-18,NaN
171.67579,6.24538e-18,NaN
171.72335,6.13488e-18,NaN
171.77093,6.18428e-18,NaN
171.81854,6.24018e-18,NaN
171.86618,6.14138e-18,NaN
171.91384,6.17778e-18,NaN
171.96152,6.36238e-18,NaN
172.00924,6.31948e-18,NaN
172.05698,6.31428e-18,NaN
172.10475,6.31038e-18,NaN
172.15254,6.45728e-18,NaN
172.20036,6.30518e-18,NaN
172.24821,6.64318e-18,NaN
172.29608,6.67308e-18,NaN
172.34398,6.73808e-18,NaN
172.39191,6.74068e-18,NaN
172.43986,6.81738e-18,NaN
172.48784,6.85768e-18,NaN
172.53585,7.06048e-18,NaN
172.58388,7.08257e-18,NaN
172.63194,7.20477e-18,NaN
172.68003,7.38547e-18,NaN
172.72814,7.51807e-18,NaN
172.77628,7.58957e-18,NaN
172.82445,7.78587e-18,NaN
172.87264,7.82877e-18,NaN
172.92086,7.90547e-18,NaN
172.96911,7.98477e-18,NaN
173.01739,7.95357e-18,NaN
173.06569,8.05237e-18,NaN
173.11402,8.11867e-18,NaN
173.16237,8.11347e-18,NaN
173.21076,8.20967e-18,NaN
173.25917,8.16807e-18,NaN
173.3076,8.10437e-18,NaN
173.35607,8.01857e-18,NaN
173.40456,8.10177e-18,NaN
173.45308,8.09007e-18,NaN
173.50162,8.08357e-18,NaN
173.55019,8.06277e-18,NaN
173.59879,8.08617e-18,NaN
173.64742,8.04587e-18,NaN
173.69608,8.06017e-18,NaN
173.74476,8.16807e-18,NaN
173.79347,8.12127e-18,NaN
173.8422,8.08487e-18,NaN
173.89097,8.14857e-18,NaN
173.93976,8.17717e-18,NaN
173.98858,8.21097e-18,NaN
174.03742,8.33707e-18,NaN
174.08629,8.31237e-18,NaN
174.1352,8.23177e-18,NaN
174.18412,8.43326e-18,NaN
174.23308,8.34877e-18,NaN
174.28206,8.34877e-18,NaN
174.33107,8.34487e-18,NaN
174.38011,8.36957e-18,NaN
174.42918,8.39036e-18,NaN
174.47827,8.48136e-18,NaN
174.52739,8.41376e-18,NaN
174.57654,8.56716e-18,NaN
174.62572,8.68156e-18,NaN
174.67492,8.66336e-18,NaN
174.72415,8.75826e-18,NaN
174.77341,8.72316e-18,NaN
174.8227,8.75046e-18,NaN
174.87202,8.74266e-18,NaN
174.92136,8.74266e-18,NaN
174.97073,8.70626e-18,NaN
175.02013,8.69066e-18,NaN
175.06956,8.79856e-18,NaN
175.11901,8.56066e-18,NaN
175.16849,8.59316e-18,NaN
175.218,8.60226e-18,NaN
175.26754,8.52816e-18,NaN
175.31711,8.55546e-18,NaN
175.3667,8.52036e-18,NaN
175.41633,8.61266e-18,NaN
175.46598,8.60356e-18,NaN
175.51566,8.62566e-18,NaN
175.56536,8.60486e-18,NaN
175.6151,8.47486e-18,NaN
175.66486,8.63216e-18,NaN
175.71465,8.78166e-18,NaN
175.76447,8.83236e-18,NaN
175.81432,8.93506e-18,NaN
175.8642,8.62566e-18,NaN
175.9141,9.02866e-18,NaN
175.96403,9.05076e-18,NaN
176.014,9.19116e-18,NaN
176.06399,9.27566e-18,NaN
176.114,9.28346e-18,NaN
176.16405,9.31596e-18,NaN
176.21413,9.53566e-18,NaN
176.26423,9.52266e-18,NaN
176.31436,9.51096e-18,NaN
176.36452,9.55516e-18,NaN
176.41471,9.76965e-18,NaN
176.46493,9.77875e-18,NaN
176.51518,9.88925e-18,NaN
176.56545,9.91005e-18,NaN
176.61575,1.00544e-17,NaN
176.66609,9.95815e-18,NaN
176.71645,9.85285e-18,NaN
176.76684,9.79695e-18,NaN
176.81725,9.83985e-18,NaN
176.8677,1.00063e-17,NaN
176.91818,1.01584e-17,NaN
176.96868,1.00921e-17,NaN
177.01922,9.98155e-18,NaN
177.06978,1.01298e-17,NaN
177.12037,1.01285e-17,NaN
177.17099,1.0417e-17,NaN
177.22164,1.04248e-17,NaN
177.27232,1.01324e-17,NaN
177.32302,1.01623e-17,NaN
177.37376,1.00024e-17,NaN
177.42453,9.98155e-18,NaN
177.47532,1.01584e-17,NaN
177.52614,1.00544e-17,NaN
177.577,1.00882e-17,NaN
177.62788,1.00037e-17,NaN
177.67879,9.96985e-18,NaN
177.72973,9.97505e-18,NaN
177.7807,1.00505e-17,NaN
177.8317,9.98805e-18,NaN
177.88272,9.99975e-18,NaN
177.93378,9.99325e-18,NaN
177.98487,1.01025e-17,NaN
178.03598,9.98155e-18,NaN
178.08713,1.00713e-17,NaN
178.1383,1.00557e-17,NaN
178.18951,9.98025e-18,NaN
178.24074,9.97375e-18,NaN
178.292,9.87755e-18,NaN
178.3433,1.00388e-17,NaN
178.39462,1.00843e-17,NaN
178.44597,1.00752e-17,NaN
178.49735,9.95685e-18,NaN
178.54876,9.99195e-18,NaN
178.6002,1.01597e-17,NaN
178.65167,1.00999e-17,NaN
178.70317,1.007e-17,NaN
178.7547,1.02312e-17,NaN
178.80626,1.03092e-17,NaN
178.85785,1.03936e-17,NaN
178.90946,1.03676e-17,NaN
178.96111,1.03442e-17,NaN
179.01279,1.0352e-17,NaN
179.0645,1.04729e-17,NaN
179.11624,1.0404e-17,NaN
179.168,1.02195e-17,NaN
179.2198,1.02832e-17,NaN
179.27163,1.03196e-17,NaN
179.32349,1.03416e-17,NaN
179.37537,1.02793e-17,NaN
179.42729,1.01909e-17,NaN
179.47924,1.01077e-17,NaN
179.53122,1.007e-17,NaN
179.58323,1.01181e-17,NaN
179.63526,9.81385e-18,NaN
179.68733,9.79695e-18,NaN
179.73943,9.73975e-18,NaN
179.79156,9.66826e-18,NaN
179.84372,9.57466e-18,NaN
179.89591,9.52266e-18,NaN
179.94813,9.51096e-18,NaN
180.00038,9.55776e-18,NaN
180.05266,9.32376e-18,NaN
180.10497,9.24836e-18,NaN
180.15731,9.33026e-18,NaN
180.20968,9.51226e-18,NaN
180.26208,9.40566e-18,NaN
180.31451,9.29646e-18,NaN
180.36698,9.29126e-18,NaN
180.41947,9.33156e-18,NaN
180.47199,9.39136e-18,NaN
180.52455,9.22496e-18,NaN
180.57713,9.21066e-18,NaN
180.62975,9.19376e-18,NaN
180.68239,9.28086e-18,NaN
180.73507,9.17036e-18,NaN
180.78778,9.10666e-18,NaN
180.84052,9.18986e-18,NaN
180.89329,9.16516e-18,NaN
180.94609,9.42776e-18,NaN
180.99892,9.34976e-18,NaN
181.05178,9.29646e-18,NaN
181.10467,9.35236e-18,NaN
181.1576,9.57206e-18,NaN
181.21055,9.69945e-18,NaN
181.26354,9.72415e-18,NaN
181.31655,9.78135e-18,NaN
181.3696,9.95035e-18,NaN
181.42268,1.00531e-17,NaN
181.47579,9.89185e-18,NaN
181.52893,9.90225e-18,NaN
181.5821,9.75535e-18,NaN
181.6353,9.94775e-18,NaN
181.68854,9.93865e-18,NaN
181.7418,9.88665e-18,NaN
181.7951,9.75405e-18,NaN
181.84843,9.79175e-18,NaN
181.90179,9.62666e-18,NaN
181.95518,9.72415e-18,NaN
182.0086,9.70725e-18,NaN
182.06205,9.69555e-18,NaN
182.11554,9.80605e-18,NaN
182.16906,9.88145e-18,NaN
182.2226,9.76185e-18,NaN
182.27618,9.82685e-18,NaN
182.32979,9.88665e-18,NaN
182.38343,1.00089e-17,NaN
182.43711,1.00362e-17,NaN
182.49081,1.01259e-17,NaN
182.54455,1.00102e-17,NaN
182.59832,1.01662e-17,NaN
182.65212,1.02234e-17,NaN
182.70595,1.01766e-17,NaN
182.75982,1.01792e-17,NaN
182.81371,1.03027e-17,NaN
182.86764,1.02416e-17,NaN
182.9216,1.03209e-17,NaN
182.97559,1.03001e-17,NaN
183.02961,1.04807e-17,NaN
183.08367,1.05093e-17,NaN
183.13775,1.04898e-17,NaN
183.19187,1.05353e-17,NaN
183.24602,1.07693e-17,NaN
183.30021,1.10176e-17,NaN
183.35442,1.11411e-17,NaN
183.40867,1.12906e-17,NaN
183.46295,1.1366e-17,NaN
183.51726,1.14323e-17,NaN
183.5716,1.15376e-17,NaN
183.62598,1.15636e-17,NaN
183.68038,1.15311e-17,NaN
183.73482,1.1431e-17,NaN
183.7893,1.14141e-17,NaN
183.8438,1.12841e-17,NaN
183.89834,1.12139e-17,NaN
183.95291,1.10059e-17,NaN
184.00751,1.09955e-17,NaN
184.06214,1.08785e-17,NaN
184.11681,1.08538e-17,NaN
184.17151,1.08369e-17,NaN
184.22624,1.09487e-17,NaN
184.281,1.09773e-17,NaN
184.3358,1.10748e-17,NaN
184.39063,1.10995e-17,NaN
184.44549,1.10332e-17,NaN
184.50039,1.10397e-17,NaN
184.55531,1.10033e-17,NaN
184.61027,1.11294e-17,NaN
184.66527,1.12035e-17,NaN
184.72029,1.11294e-17,NaN
184.77535,1.11333e-17,NaN
184.83044,1.11749e-17,NaN
184.88556,1.12243e-17,NaN
184.94072,1.13582e-17,NaN
184.99591,1.14869e-17,NaN
185.05113,1.14102e-17,NaN
185.10639,1.14011e-17,NaN
185.16168,1.14219e-17,NaN
185.217,1.14349e-17,NaN
185.27235,1.15532e-17,NaN
185.32774,1.15545e-17,NaN
185.38316,1.15207e-17,NaN
185.43862,1.14934e-17,NaN
185.4941,1.16923e-17,NaN
185.54962,1.16507e-17,NaN
185.60518,1.16494e-17,NaN
185.66077,1.18288e-17,NaN
185.71639,1.19406e-17,NaN
185.77204,1.20602e-17,NaN
185.82773,1.21759e-17,NaN
185.88345,1.20511e-17,NaN
185.9392,1.21668e-17,NaN
185.99499,1.22604e-17,NaN
186.05081,1.21564e-17,NaN
186.10666,1.21837e-17,NaN
186.16255,1.23176e-17,NaN
186.21847,1.23462e-17,NaN
186.27443,1.23397e-17,NaN
186.33042,1.24931e-17,NaN
186.38644,1.25243e-17,NaN
186.44249,1.25932e-17,NaN
186.49858,1.26153e-17,NaN
186.55471,1.26192e-17,NaN
186.61087,1.27609e-17,NaN
186.66706,1.28181e-17,NaN
186.72328,1.29117e-17,NaN
186.77954,1.29143e-17,NaN
186.83583,1.29624e-17,NaN
186.89216,1.30027e-17,NaN
186.94852,1.31769e-17,NaN
187.00492,1.32887e-17,NaN
187.06134,1.32159e-17,NaN
187.11781,1.32263e-17,NaN
187.1743,1.3264e-17,NaN
187.23084,1.33875e-17,NaN
187.2874,1.34252e-17,NaN
187.344,1.34291e-17,NaN
187.40063,1.33342e-17,NaN
187.4573,1.34434e-17,NaN
187.514,1.34785e-17,NaN
187.57074,1.34603e-17,NaN
187.62751,1.34317e-17,NaN
187.68432,1.33667e-17,NaN
187.74116,1.35578e-17,NaN
187.79803,1.36514e-17,NaN
187.85494,1.35695e-17,NaN
187.91188,1.35487e-17,NaN
187.96886,1.34642e-17,NaN
188.02587,1.35864e-17,NaN
188.08292,1.35123e-17,NaN
188.14,1.34902e-17,NaN
188.19711,1.37632e-17,NaN
188.25427,1.35812e-17,NaN
188.31145,1.35539e-17,NaN
188.36867,1.35942e-17,NaN
188.42593,1.35591e-17,NaN
188.48322,1.3537e-17,NaN
188.54054,1.36072e-17,NaN
188.5979,1.37099e-17,NaN
188.65529,1.35968e-17,NaN
188.71272,1.37073e-17,NaN
188.77019,1.37814e-17,NaN
188.82769,1.37905e-17,NaN
188.88522,1.37554e-17,NaN
188.94279,1.3719e-17,NaN
189.00039,1.38828e-17,NaN
189.05803,1.39816e-17,NaN
189.11571,1.3901e-17,NaN
189.17342,1.38802e-17,NaN
189.23116,1.39361e-17,NaN
189.28894,1.41077e-17,NaN
189.34676,1.40843e-17,NaN
189.40461,1.41194e-17,NaN
189.4625,1.41467e-17,NaN
189.52042,1.42078e-17,NaN
189.57838,1.43287e-17,NaN
189.63637,1.4304e-17,NaN
189.6944,1.42871e-17,NaN
189.75246,1.45055e-17,NaN
189.81056,1.46147e-17,NaN
189.8687,1.45757e-17,NaN
189.92687,1.46199e-17,NaN
189.98507,1.4668e-17,NaN
190.04332,1.47967e-17,NaN
190.10159,1.48552e-17,NaN
190.15991,1.48344e-17,NaN
190.21826,1.49462e-17,NaN
190.27664,1.49982e-17,NaN
190.33506,1.50216e-17,NaN
190.39352,1.50346e-17,NaN
190.45201,1.51165e-17,NaN
190.51054,1.50788e-17,NaN
190.5691,1.52192e-17,NaN
190.6277,1.52231e-17,NaN
190.68634,1.51308e-17,NaN
190.74501,1.52855e-17,NaN
190.80372,1.53466e-17,NaN
190.86247,1.53765e-17,NaN
190.92125,1.54129e-17,NaN
190.98007,1.5318e-17,NaN
191.03892,1.53765e-17,NaN
191.09781,1.54363e-17,NaN
191.15674,1.53466e-17,NaN
191.2157,1.52764e-17,NaN
191.2747,1.52257e-17,NaN
191.33373,1.53544e-17,NaN
191.3928,1.537e-17,NaN
191.45191,1.53323e-17,NaN
191.51106,1.52153e-17,NaN
191.57024,1.52257e-17,NaN
191.62946,1.5266e-17,NaN
191.68871,1.52335e-17,NaN
191.748,1.51815e-17,NaN
191.80733,1.51685e-17,NaN
191.8667,1.51971e-17,NaN
191.9261,1.51867e-17,NaN
191.98554,1.51295e-17,NaN
192.04501,1.50398e-17,NaN
192.10452,1.50827e-17,NaN
192.16407,1.50203e-17,NaN
192.22366,1.50567e-17,NaN
192.28328,1.4902e-17,NaN
192.34294,1.48786e-17,NaN
192.40264,1.50255e-17,NaN
192.46237,1.49124e-17,NaN
192.52214,1.4863e-17,NaN
192.58195,1.48474e-17,NaN
192.64179,1.48968e-17,NaN
192.70168,1.48396e-17,NaN
192.7616,1.48149e-17,NaN
192.82155,1.48578e-17,NaN
192.88155,1.48318e-17,NaN
192.94158,1.48136e-17,NaN
193.00165,1.48591e-17,NaN
193.06175,1.47811e-17,NaN
193.1219,1.47278e-17,NaN
193.18208,1.46745e-17,NaN
193.2423,1.46979e-17,NaN
193.30256,1.46797e-17,NaN
193.36285,1.47122e-17,NaN
193.42318,1.46966e-17,NaN
193.48355,1.47239e-17,NaN
193.54396,1.46953e-17,NaN
193.6044,1.46394e-17,NaN
193.66488,1.4629e-17,NaN
193.7254,1.46667e-17,NaN
193.78596,1.47772e-17,NaN
193.84656,1.46563e-17,NaN
193.90719,1.46433e-17,NaN
193.96786,1.47772e-17,NaN
194.02857,1.46173e-17,NaN
194.08932,1.47291e-17,NaN
194.15011,1.46823e-17,NaN
194.21093,1.46992e-17,NaN
194.27179,1.46979e-17,NaN
194.33269,1.47538e-17,NaN
194.39363,1.46264e-17,NaN
194.45461,1.46186e-17,NaN
194.51562,1.45939e-17,NaN
194.57668,1.46017e-17,NaN
194.63777,1.46082e-17,NaN
194.6989,1.44626e-17,NaN
194.76007,1.44717e-17,NaN
194.82127,1.44951e-17,NaN
194.88252,1.45029e-17,NaN
194.9438,1.44314e-17,NaN
195.00513,1.43742e-17,NaN
195.06649,1.43846e-17,NaN
195.12789,1.43586e-17,NaN
195.18932,1.42013e-17,NaN
195.2508,1.41558e-17,NaN
195.31232,1.40401e-17,NaN
195.37387,1.4148e-17,NaN
195.43546,1.40648e-17,NaN
195.4971,1.4005e-17,NaN
195.55877,1.38503e-17,NaN
195.62048,1.38841e-17,NaN
195.68223,1.38295e-17,NaN
195.74401,1.37892e-17,NaN
195.80584,1.3602e-17,NaN
195.86771,1.35929e-17,NaN
195.92961,1.355e-17,NaN
195.99156,1.34343e-17,NaN
196.05354,1.33368e-17,NaN
196.11556,1.32523e-17,NaN
196.17762,1.32289e-17,NaN
196.23973,1.3134e-17,NaN
196.30187,1.30534e-17,NaN
196.36405,1.29351e-17,NaN
196.42627,1.28324e-17,NaN
196.48852,1.28909e-17,NaN
196.55082,1.277e-17,NaN
196.61316,1.26829e-17,NaN
196.67554,1.25334e-17,NaN
196.73795,1.2614e-17,NaN
196.80041,1.25113e-17,NaN
196.86291,1.23345e-17,NaN
196.92544,1.21564e-17,NaN
196.98802,1.22799e-17,NaN
197.05063,1.23059e-17,NaN
197.11329,1.21031e-17,NaN
197.17598,1.20745e-17,NaN
197.23872,1.19991e-17,NaN
197.30149,1.20147e-17,NaN
197.36431,1.18938e-17,NaN
197.42716,1.18483e-17,NaN
197.49006,1.16e-17,NaN
197.55299,1.16169e-17,NaN
197.61597,1.16793e-17,NaN
197.67898,1.15558e-17,NaN
197.74204,1.14752e-17,NaN
197.80514,1.12984e-17,NaN
197.86827,1.13478e-17,NaN
197.93145,1.1353e-17,NaN
197.99466,1.12581e-17,NaN
198.05792,1.11502e-17,NaN
198.12122,1.11307e-17,NaN
198.18456,1.12659e-17,NaN
198.24794,1.11268e-17,NaN
198.31135,1.09864e-17,NaN
198.37481,1.09513e-17,NaN
198.43831,1.08915e-17,NaN
198.50186,1.08746e-17,NaN
198.56544,1.07134e-17,NaN
198.62906,1.06926e-17,NaN
198.69272,1.0664e-17,NaN
198.75643,1.06575e-17,NaN
198.82017,1.05665e-17,NaN
198.88396,1.04638e-17,NaN
198.94778,1.04911e-17,NaN
199.01165,1.04248e-17,NaN
199.07556,1.03118e-17,NaN
199.13951,1.01142e-17,NaN
199.2035,1.00622e-17,NaN
199.26753,1.01818e-17,NaN
199.33161,1.0109e-17,NaN
199.39572,9.92825e-18,NaN
199.45988,9.83465e-18,NaN
199.52407,9.72935e-18,NaN
199.58831,9.76705e-18,NaN
199.65259,9.68255e-18,NaN
199.71691,9.43426e-18,NaN
199.78127,9.36276e-18,NaN
199.84568,9.30426e-18,NaN
199.91012,9.28736e-18,NaN
199.97461,9.11446e-18,NaN
200.03914,8.98576e-18,NaN
200.10371,8.93506e-18,NaN
200.16832,8.94806e-18,NaN
200.23298,8.88696e-18,NaN
200.29767,8.60616e-18,NaN
200.36241,8.59706e-18,NaN
200.42719,8.55286e-18,NaN
200.49201,8.49176e-18,NaN
200.55687,8.29417e-18,NaN
200.62178,8.22007e-18,NaN
200.68673,8.14467e-18,NaN
200.75171,8.07447e-18,NaN
200.81675,7.96657e-18,NaN
200.88182,7.88727e-18,NaN
200.94694,7.77677e-18,NaN
201.01209,7.75987e-18,NaN
201.07729,7.57007e-18,NaN
201.14254,7.51027e-18,NaN
201.20782,7.34257e-18,NaN
201.27315,7.22037e-18,NaN
201.33852,7.23987e-18,NaN
201.40393,7.18007e-18,NaN
201.46938,6.98508e-18,NaN
201.53488,6.96688e-18,NaN
201.60042,6.93568e-18,NaN
201.666,6.86028e-18,NaN
201.73163,6.81608e-18,NaN
201.7973,6.57558e-18,NaN
201.86301,6.70948e-18,NaN
201.92876,6.65618e-18,NaN
201.99456,6.57818e-18,NaN
202.0604,6.43128e-18,NaN
202.12628,6.41828e-18,NaN
202.1922,6.45728e-18,NaN
202.25817,6.33378e-18,NaN
202.32418,6.22848e-18,NaN
202.39024,6.07638e-18,NaN
202.45633,6.01658e-18,NaN
202.52247,6.07118e-18,NaN
202.58866,6.00748e-18,NaN
202.65489,5.86318e-18,NaN
202.72116,5.96588e-18,NaN
202.78747,6.01268e-18,NaN
202.85383,5.94638e-18,NaN
202.92023,5.78778e-18,NaN
202.98667,5.66819e-18,NaN
203.05316,5.70459e-18,NaN
203.11969,5.75659e-18,NaN
203.18627,5.66949e-18,NaN
203.25288,5.54339e-18,NaN
203.31955,5.66429e-18,NaN
203.38625,5.51739e-18,NaN
203.453,5.52129e-18,NaN
203.51979,5.38999e-18,NaN
203.58663,5.33409e-18,NaN
203.65351,5.41859e-18,NaN
203.72044,5.40429e-18,NaN
203.78741,5.35489e-18,NaN
203.85442,5.26779e-18,NaN
203.92148,5.31979e-18,NaN
203.98858,5.27819e-18,NaN
204.05573,5.24439e-18,NaN
204.12292,5.13779e-18,NaN
204.19015,5.12869e-18,NaN
204.25743,5.14949e-18,NaN
204.32475,5.12609e-18,NaN
204.39212,5.08059e-18,NaN
204.45953,5.06109e-18,NaN
204.52699,5.05069e-18,NaN
204.59449,4.98049e-18,NaN
204.66203,4.85699e-18,NaN
204.72962,4.80499e-18,NaN
204.79726,4.84139e-18,NaN
204.86494,4.90509e-18,NaN
204.93266,4.89599e-18,NaN
205.00043,4.78419e-18,NaN
205.06824,4.83099e-18,NaN
205.1361,4.81539e-18,NaN
205.204,4.79849e-18,NaN
205.27195,4.66459e-18,NaN
205.33995,4.53329e-18,NaN
205.40798,4.67629e-18,NaN
205.47607,4.64639e-18,NaN
205.5442,4.59829e-18,NaN
205.61237,4.50599e-18,NaN
205.68059,4.4176e-18,NaN
205.74885,4.59049e-18,NaN
205.81716,4.54889e-18,NaN
205.88552,4.4527e-18,NaN
205.95392,4.4501e-18,NaN
206.02236,4.3773e-18,NaN
206.09086,4.402e-18,NaN
206.15939,4.3578e-18,NaN
206.22798,4.2967e-18,NaN
206.2966,4.428e-18,NaN
206.36528,4.2785e-18,NaN
206.434,4.2486e-18,NaN
206.50276,4.168e-18,NaN
206.57157,4.0835e-18,NaN
206.64043,4.1381e-18,NaN
206.70933,4.1979e-18,NaN
206.77828,4.1212e-18,NaN
206.84728,4.1316e-18,NaN
206.91632,4.142e-18,NaN
206.98541,4.064e-18,NaN
207.05454,3.9301e-18,NaN
207.12372,4.0419e-18,NaN
207.19295,3.9288e-18,NaN
207.26222,3.9054e-18,NaN
207.33154,3.9314e-18,NaN
207.4009,3.9314e-18,NaN
207.47031,3.9561e-18,NaN
207.53977,4.0081e-18,NaN
207.60927,3.9301e-18,NaN
207.67883,3.8716e-18,NaN
207.74842,3.9262e-18,NaN
207.81807,3.7819e-18,NaN
207.88776,3.9041e-18,NaN
207.9575,3.8963e-18,NaN
208.02728,3.7819e-18,NaN
208.09711,3.648e-18,NaN
208.16699,3.6675e-18,NaN
208.23691,3.7026e-18,NaN
208.30689,3.5791e-18,NaN
208.37691,3.3893e-18,NaN
208.44697,3.4231e-18,NaN
208.51709,3.4868e-18,NaN
208.58725,3.5154e-18,NaN
208.65745,3.4972e-18,NaN
208.72771,3.1904e-18,NaN
208.79801,3.3542e-18,NaN
208.86836,3.3087e-18,NaN
208.93876,3.284e-18,NaN
209.0092,3.13191e-18,NaN
209.07969,3.1761e-18,NaN
209.15023,3.2385e-18,NaN
209.22082,3.2242e-18,NaN
209.29146,3.2658e-18,NaN
209.36214,3.01361e-18,NaN
209.43287,3.08251e-18,NaN
209.50365,3.02921e-18,NaN
209.57447,3.03831e-18,NaN
209.64535,2.99281e-18,NaN
209.71627,3.02921e-18,NaN
209.78724,3.12281e-18,NaN
209.85826,3.13191e-18,NaN
209.92932,3.04091e-18,NaN
210.00044,2.96031e-18,NaN
210.0716,2.93301e-18,NaN
210.14281,2.95381e-18,NaN
210.21407,2.97071e-18,NaN
210.28538,2.84331e-18,NaN
210.35673,2.82771e-18,NaN
210.42814,2.83291e-18,NaN
210.49959,2.70811e-18,NaN
210.57109,2.82511e-18,NaN
210.64264,2.76271e-18,NaN
210.71424,2.68991e-18,NaN
210.78589,2.56511e-18,NaN
210.85758,2.81081e-18,NaN
210.92933,2.80041e-18,NaN
211.00112,2.75621e-18,NaN
211.07296,2.76661e-18,NaN
211.14486,2.79521e-18,NaN
211.2168,2.60931e-18,NaN
211.28878,2.67691e-18,NaN
211.36082,2.73541e-18,NaN
211.43291,2.73021e-18,NaN
211.50505,2.62621e-18,NaN
211.57723,2.59761e-18,NaN
211.64947,2.63141e-18,NaN
211.72175,2.56511e-18,NaN
211.79409,2.64181e-18,NaN
211.86647,2.53001e-18,NaN
211.9389,2.65611e-18,NaN
212.01139,2.66131e-18,NaN
212.08392,2.66261e-18,NaN
212.1565,2.63011e-18,NaN
212.22913,2.63531e-18,NaN
212.30181,2.57811e-18,NaN
212.37454,2.51181e-18,NaN
212.44733,2.43511e-18,NaN
212.52016,2.22841e-18,NaN
212.59304,2.24531e-18,NaN
212.66597,2.51961e-18,NaN
212.73895,2.42341e-18,NaN
212.81198,2.42211e-18,NaN
212.88506,2.43251e-18,NaN
212.95819,2.41431e-18,NaN
213.03137,2.40911e-18,NaN
213.1046,2.35061e-18,NaN
213.17789,2.24271e-18,NaN
213.25122,2.22711e-18,NaN
213.3246,2.26871e-18,NaN
213.39804,2.16861e-18,NaN
213.47152,2.06591e-18,NaN
213.54506,2.05031e-18,NaN
213.61864,1.93851e-18,NaN
213.69228,1.85662e-18,NaN
213.76596,1.94761e-18,NaN
213.8397,1.83582e-18,NaN
213.91349,1.78772e-18,NaN
213.98733,1.70972e-18,NaN
214.06122,1.78382e-18,NaN
214.13516,1.67722e-18,NaN
214.20916,1.70712e-18,NaN
214.2832,1.63952e-18,NaN
214.35729,1.44452e-18,NaN
214.43144,1.37432e-18,NaN
214.50564,1.33402e-18,NaN
214.57989,1.23652e-18,NaN
214.65419,1.21182e-18,NaN
214.72854,1.12602e-18,NaN
214.80294,1.06752e-18,NaN
214.8774,9.33622e-19,NaN
214.95191,9.71322e-19,NaN
215.02646,9.80422e-19,NaN
215.10107,9.18022e-19,NaN
215.17574,9.18022e-19,NaN
215.25045,9.44022e-19,NaN
215.32522,8.88123e-19,NaN
215.40003,9.03722e-19,NaN
215.4749,8.56923e-19,NaN
215.54982,8.77723e-19,NaN
215.6248,9.19322e-19,NaN
215.69982,8.42623e-19,NaN
215.7749,8.88123e-19,NaN
215.85003,8.07523e-19,NaN
215.92522,8.56923e-19,NaN
216.00045,9.59622e-19,NaN
216.07574,8.85523e-19,NaN
216.15108,7.34724e-19,NaN
216.22647,7.34724e-19,NaN
216.30192,7.64624e-19,NaN
216.37742,7.72423e-19,NaN
216.45297,7.91923e-19,NaN
216.52857,8.29623e-19,NaN
216.60423,9.19322e-19,NaN
216.67994,8.97223e-19,NaN
216.7557,8.37423e-19,NaN
216.83151,6.86624e-19,NaN
216.90738,7.00924e-19,NaN
216.9833,6.90524e-19,NaN
217.05928,7.39924e-19,NaN
217.1353,6.59324e-19,NaN
217.21139,7.43824e-19,NaN
217.28752,6.06025e-19,NaN
217.36371,6.69724e-19,NaN
217.43995,5.94325e-19,NaN
217.51624,6.06025e-19,NaN
217.59259,7.46424e-19,NaN
217.66899,8.94623e-19,NaN
217.74545,8.47823e-19,NaN
217.82196,7.50324e-19,NaN
217.89852,7.02224e-19,NaN
217.97514,7.71123e-19,NaN
218.05181,7.89323e-19,NaN
218.12853,9.53122e-19,NaN
218.20531,8.88123e-19,NaN
218.28215,6.42424e-19,NaN
218.35903,9.53122e-19,NaN
218.43597,9.23222e-19,NaN
218.51297,7.34724e-19,NaN
218.59002,8.25723e-19,NaN
218.66712,6.81424e-19,NaN
218.74428,6.85324e-19,NaN
218.82149,7.38624e-19,NaN
218.89876,6.67124e-19,NaN
218.97608,7.41224e-19,NaN
219.05346,6.95724e-19,NaN
219.13089,5.94325e-19,NaN
219.20838,6.09925e-19,NaN
219.28592,4.77326e-19,NaN
219.36352,5.68325e-19,NaN
219.44117,6.19025e-19,NaN
219.51887,5.89125e-19,NaN
219.59663,6.71024e-19,NaN
219.67445,7.25624e-19,NaN
219.75232,4.91626e-19,NaN
219.83025,6.03425e-19,NaN
219.90823,5.89125e-19,NaN
219.98627,5.68325e-19,NaN
220.06436,5.59225e-19,NaN
220.14251,5.78725e-19,NaN
220.22071,6.02125e-19,NaN
220.29897,4.00626e-19,NaN
220.37728,5.11125e-19,NaN
220.45565,5.18925e-19,NaN
220.53408,4.70826e-19,NaN
220.61256,5.05926e-19,NaN
220.6911,4.63026e-19,NaN
220.76969,5.82625e-19,NaN
220.84834,6.11225e-19,NaN
220.92705,7.20424e-19,NaN
221.00581,7.23024e-19,NaN
221.08463,6.61924e-19,NaN
221.1635,6.59324e-19,NaN
221.24243,6.72324e-19,NaN
221.32142,8.36123e-19,NaN
221.40046,7.59424e-19,NaN
221.47956,8.41323e-19,NaN
221.55872,7.71123e-19,NaN
221.63793,7.51624e-19,NaN
221.7172,5.87825e-19,NaN
221.79653,7.16524e-19,NaN
221.87591,6.16425e-19,NaN
221.95535,6.67124e-19,NaN
222.03485,8.47823e-19,NaN
222.1144,9.05022e-19,NaN
222.19401,7.06124e-19,NaN
222.27368,6.32025e-19,NaN
222.35341,7.13924e-19,NaN
222.43319,6.00825e-19,NaN
222.51303,5.59225e-19,NaN
222.59292,5.61825e-19,NaN
222.67288,5.42325e-19,NaN
222.75289,6.35925e-19,NaN
222.83296,7.77623e-19,NaN
222.91309,5.93025e-19,NaN
222.99327,6.91824e-19,NaN
223.07351,5.30625e-19,NaN
223.15381,5.09825e-19,NaN
223.23417,5.04626e-19,NaN
223.31459,5.81325e-19,NaN
223.39506,6.21625e-19,NaN
223.47559,6.45024e-19,NaN
223.55618,7.04824e-19,NaN
223.63683,6.58024e-19,NaN
223.71754,5.96925e-19,NaN
223.7983,6.82724e-19,NaN
223.87912,5.21525e-19,NaN
223.96001,6.00825e-19,NaN
224.04094,7.67224e-19,NaN
224.12194,7.29524e-19,NaN
224.203,7.20424e-19,NaN
224.28412,8.23123e-19,NaN
224.36529,7.99723e-19,NaN
224.44652,7.58124e-19,NaN
224.52781,6.87924e-19,NaN
224.60916,7.29524e-19,NaN
224.69057,7.26924e-19,NaN
224.77204,7.77623e-19,NaN
224.85357,8.12723e-19,NaN
224.93516,9.36222e-19,NaN
225.0168,8.33523e-19,NaN
225.09851,9.55722e-19,NaN
225.18027,9.77822e-19,NaN
225.2621,1.07532e-18,NaN
225.34398,1.09092e-18,NaN
225.42593,1.19752e-18,NaN
225.50793,1.26122e-18,NaN
225.58999,1.17672e-18,NaN
225.67211,1.24822e-18,NaN
225.7543,1.05062e-18,NaN
225.83654,1.06622e-18,NaN
225.91884,1.09222e-18,NaN
226.0012,1.10652e-18,NaN
226.08362,1.08962e-18,NaN
226.16611,1.17672e-18,NaN
226.24865,1.17672e-18,NaN
226.33125,1.14162e-18,NaN
226.41391,1.11822e-18,NaN
226.49664,1.08832e-18,NaN
226.57942,1.11692e-18,NaN
226.66227,1.08052e-18,NaN
226.74517,1.25732e-18,NaN
226.82814,1.23652e-18,NaN
226.91116,1.25472e-18,NaN
226.99425,1.24952e-18,NaN
227.0774,1.22222e-18,NaN
227.16061,1.24562e-18,NaN
227.24388,1.22612e-18,NaN
227.32721,1.12082e-18,NaN
227.4106,1.09612e-18,NaN
227.49405,1.22222e-18,NaN
227.57757,1.28852e-18,NaN
227.66114,1.22742e-18,NaN
227.74478,1.30152e-18,NaN
227.82848,1.22612e-18,NaN
227.91224,1.18582e-18,NaN
227.99606,1.22222e-18,NaN
228.07995,1.22222e-18,NaN
228.16389,1.32622e-18,NaN
228.2479,1.29632e-18,NaN
228.33197,1.26642e-18,NaN
228.4161,1.15332e-18,NaN
228.50029,1.19752e-18,NaN
228.58455,1.02722e-18,NaN
228.66887,9.49222e-19,NaN
228.75325,1.01032e-18,NaN
228.83769,1.03112e-18,NaN
228.92219,9.93422e-19,NaN
229.00676,9.62222e-19,NaN
229.09139,9.79122e-19,NaN
229.17608,8.53023e-19,NaN
229.26083,7.82823e-19,NaN
229.34565,8.56923e-19,NaN
229.43053,8.43923e-19,NaN
229.51547,9.57022e-19,NaN
229.60048,7.76323e-19,NaN
229.68555,8.49123e-19,NaN
229.77068,8.64723e-19,NaN
229.85587,8.63423e-19,NaN
229.94113,7.24324e-19,NaN
230.02645,7.37324e-19,NaN
230.11184,8.51723e-19,NaN
230.19729,8.03623e-19,NaN
230.2828,7.19124e-19,NaN
230.36837,8.27023e-19,NaN
230.45401,8.32223e-19,NaN
230.53972,7.06124e-19,NaN
230.62548,5.64425e-19,NaN
230.71131,5.54025e-19,NaN
230.79721,5.93025e-19,NaN
230.88316,6.13825e-19,NaN
230.96919,7.02224e-19,NaN
231.05527,6.81424e-19,NaN
231.14142,6.77524e-19,NaN
231.22764,6.37225e-19,NaN
231.31392,5.61825e-19,NaN
231.40026,5.85225e-19,NaN
231.48667,4.13626e-19,NaN
231.57314,3.33027e-19,NaN
231.65968,3.52527e-19,NaN
231.74628,6.17725e-19,NaN
231.83294,5.03326e-19,NaN
231.91968,2.95327e-19,NaN
232.00647,2.88827e-19,NaN
232.09333,2.82327e-19,NaN
232.18026,3.92826e-19,NaN
232.26725,4.08426e-19,NaN
232.35431,3.49927e-19,NaN
232.44143,4.48726e-19,NaN
232.52862,5.35825e-19,NaN
232.61587,4.74726e-19,NaN
232.70319,5.54025e-19,NaN
232.79057,4.85126e-19,NaN
232.87802,4.11026e-19,NaN
232.96554,4.35726e-19,NaN
233.05312,5.56625e-19,NaN
233.14077,5.42325e-19,NaN
233.22848,7.04824e-19,NaN
233.31626,6.77524e-19,NaN
233.4041,6.32025e-19,NaN
233.49201,5.68325e-19,NaN
233.57999,5.30625e-19,NaN
233.66803,6.52824e-19,NaN
233.75614,6.16425e-19,NaN
233.84432,6.32025e-19,NaN
233.93256,5.54025e-19,NaN
234.02087,6.39824e-19,NaN
234.10925,6.54124e-19,NaN
234.19769,5.98225e-19,NaN
234.2862,4.57826e-19,NaN
234.37478,5.68325e-19,NaN
234.46342,6.17725e-19,NaN
234.55214,6.35925e-19,NaN
234.64091,7.24324e-19,NaN
234.72976,6.84024e-19,NaN
234.81867,4.89026e-19,NaN
234.90765,5.38425e-19,NaN
234.9967,5.85225e-19,NaN
235.08582,6.46324e-19,NaN
235.175,6.89224e-19,NaN
235.26425,7.59424e-19,NaN
235.35357,6.59324e-19,NaN
235.44295,6.04725e-19,NaN
235.53241,6.00825e-19,NaN
235.62193,6.26825e-19,NaN
235.71152,5.55325e-19,NaN
235.80118,4.91626e-19,NaN
235.8909,4.27926e-19,NaN
235.9807,6.63224e-19,NaN
236.07056,5.87825e-19,NaN
236.16049,6.38525e-19,NaN
236.25049,7.10024e-19,NaN
236.34056,6.34625e-19,NaN
236.4307,4.60426e-19,NaN
236.52091,5.72225e-19,NaN
236.61118,5.24125e-19,NaN
236.70153,4.77326e-19,NaN
236.79194,5.61825e-19,NaN
236.88242,4.50026e-19,NaN
236.97297,5.31925e-19,NaN
237.06359,5.67025e-19,NaN
237.15428,3.33027e-19,NaN
237.24504,3.75927e-19,NaN
237.33587,3.44727e-19,NaN
237.42677,3.77227e-19,NaN
237.51774,4.91626e-19,NaN
237.60878,5.02026e-19,NaN
237.69988,5.65725e-19,NaN
237.79106,3.86326e-19,NaN
237.88231,3.40827e-19,NaN
237.97363,4.56526e-19,NaN
238.06501,5.03326e-19,NaN
238.15647,4.13626e-19,NaN
238.248,4.11026e-19,NaN
238.3396,3.38227e-19,NaN
238.43127,2.48528e-19,NaN
238.52301,2.90127e-19,NaN
238.61482,3.26527e-19,NaN
238.7067,2.51127e-19,NaN
238.79865,1.25028e-19,NaN
238.89067,1.26328e-19,NaN
238.98277,3.09627e-19,NaN
239.07493,2.56327e-19,NaN
239.16717,1.83528e-19,NaN
239.25947,1.02929e-19,NaN
239.35185,1.87428e-19,NaN
239.4443,2.62292e-20,NaN
239.53682,8.73287e-20,NaN
239.62941,1.70528e-19,NaN
239.72208,1.40628e-19,NaN
239.81481,7.04289e-20,NaN
239.90762,9.90287e-20,NaN
240.0005,2.10828e-19,NaN
240.09345,2.13428e-19,NaN
240.18648,2.12128e-19,NaN
240.27957,1.65328e-19,NaN
240.37274,1.71828e-19,NaN
240.46598,1.62728e-19,NaN
240.55929,2.10828e-19,NaN
240.65268,1.92628e-19,NaN
240.74613,3.35627e-19,NaN
240.83966,1.14629e-19,NaN
240.93327,1.14629e-19,NaN
241.02694,1.84828e-19,NaN
241.12069,1.31528e-19,NaN
241.21451,1.21128e-19,NaN
241.30841,4.44291e-20,NaN
241.40237,6.72936e-21,NaN
241.49641,1.18529e-19,NaN
241.59053,2.40728e-19,NaN
241.68472,2.97927e-19,NaN
241.77898,2.16028e-19,NaN
241.87331,2.2941e-22,NaN
241.96772,1.75728e-19,NaN
242.0622,2.42028e-19,NaN
242.15676,2.42028e-19,NaN
242.25139,1.66628e-19,NaN
242.34609,2.83627e-19,NaN
242.44087,2.52427e-19,NaN
242.53572,1.44528e-19,NaN
242.63064,2.34228e-19,NaN
242.72564,2.60227e-19,NaN
242.82072,2.96627e-19,NaN
242.91587,3.33027e-19,NaN
243.01109,4.11026e-19,NaN
243.10639,3.10927e-19,NaN
243.20176,1.32828e-19,NaN
243.29721,2.27728e-19,NaN
243.39273,2.10828e-19,NaN
243.48833,2.23828e-19,NaN
243.58401,3.38227e-19,NaN
243.67975,3.90226e-19,NaN
243.77558,3.92826e-19,NaN
243.87148,4.12326e-19,NaN
243.96745,4.56526e-19,NaN
244.0635,4.40926e-19,NaN
244.15963,2.96627e-19,NaN
244.25583,3.49927e-19,NaN
244.35211,4.00626e-19,NaN
244.44846,4.43526e-19,NaN
244.54489,4.16226e-19,NaN
244.64139,5.83925e-19,NaN
244.73798,3.94126e-19,NaN
244.83463,3.59027e-19,NaN
244.93137,1.66628e-19,NaN
245.02818,2.94027e-19,NaN
245.12507,2.06928e-19,NaN
245.22203,2.83627e-19,NaN
245.31907,2.43328e-19,NaN
245.41619,2.22528e-19,NaN
245.51338,2.70627e-19,NaN
245.61066,3.39527e-19,NaN
245.708,9.90287e-20,NaN
245.80543,1.70528e-19,NaN
245.90293,1.65328e-19,NaN
246.00051,2.97927e-19,NaN
246.09817,2.35528e-19,NaN
246.19591,1.93928e-19,NaN
246.29372,1.87428e-19,NaN
246.39161,3.73327e-19,NaN
246.48958,2.87527e-19,NaN
246.58763,4.64326e-19,NaN
246.68575,3.77227e-19,NaN
246.78395,5.20225e-19,NaN
246.88224,3.94126e-19,NaN
246.9806,5.94325e-19,NaN
247.07903,6.42424e-19,NaN
247.17755,5.52725e-19,NaN
247.27614,6.98324e-19,NaN
247.37482,6.51524e-19,NaN
247.47357,8.69923e-19,NaN
247.5724,1.01422e-18,NaN
247.67131,1.20012e-18,NaN
247.7703,1.45622e-18,NaN
247.86937,1.60312e-18,NaN
247.96852,1.78642e-18,NaN
